filepath,filename,actor_id,split,true_label,true_emotion,predicted_label,predicted_emotion,confidence
/Users/prarthanapatel/Desktop/Himanshi/speech_emotion_detection-develop-v2/cremad_preprocessed/audio/1009_DFA_ANG_XX.wav,1009_DFA_ANG_XX.wav,1009,test,3,angry,3,angry,0.9397606253623962
/Users/prarthanapatel/Desktop/Himanshi/speech_emotion_detection-develop-v2/cremad_preprocessed/audio/1009_DFA_DIS_XX.wav,1009_DFA_DIS_XX.wav,1009,test,5,disgust,5,disgust,0.45903342962265015
/Users/prarthanapatel/Desktop/Himanshi/speech_emotion_detection-develop-v2/cremad_preprocessed/audio/1009_DFA_FEA_XX.wav,1009_DFA_FEA_XX.wav,1009,test,4,fearful,4,fearful,0.8998106122016907
/Users/prarthanapatel/Desktop/Himanshi/speech_emotion_detection-develop-v2/cremad_preprocessed/audio/1009_DFA_HAP_XX.wav,1009_DFA_HAP_XX.wav,1009,test,1,happy,1,happy,0.9443909525871277
/Users/prarthanapatel/Desktop/Himanshi/speech_emotion_detection-develop-v2/cremad_preprocessed/audio/1009_DFA_NEU_XX.wav,1009_DFA_NEU_XX.wav,1009,test,0,neutral,0,neutral,0.9456993937492371
/Users/prarthanapatel/Desktop/Himanshi/speech_emotion_detection-develop-v2/cremad_preprocessed/audio/1009_DFA_SAD_XX.wav,1009_DFA_SAD_XX.wav,1009,test,2,sad,2,sad,0.7553778290748596
/Users/prarthanapatel/Desktop/Himanshi/speech_emotion_detection-develop-v2/cremad_preprocessed/audio/1009_IEO_ANG_HI.wav,1009_IEO_ANG_HI.wav,1009,test,3,angry,4,fearful,0.7477671504020691
/Users/prarthanapatel/Desktop/Himanshi/speech_emotion_detection-develop-v2/cremad_preprocessed/audio/1009_IEO_ANG_LO.wav,1009_IEO_ANG_LO.wav,1009,test,3,angry,4,fearful,0.6193999648094177
/Users/prarthanapatel/Desktop/Himanshi/speech_emotion_detection-develop-v2/cremad_preprocessed/audio/1009_IEO_ANG_MD.wav,1009_IEO_ANG_MD.wav,1009,test,3,angry,3,angry,0.9223868250846863
/Users/prarthanapatel/Desktop/Himanshi/speech_emotion_detection-develop-v2/cremad_preprocessed/audio/1009_IEO_DIS_HI.wav,1009_IEO_DIS_HI.wav,1009,test,5,disgust,3,angry,0.6766488552093506
/Users/prarthanapatel/Desktop/Himanshi/speech_emotion_detection-develop-v2/cremad_preprocessed/audio/1009_IEO_DIS_LO.wav,1009_IEO_DIS_LO.wav,1009,test,5,disgust,4,fearful,0.4477148950099945
/Users/prarthanapatel/Desktop/Himanshi/speech_emotion_detection-develop-v2/cremad_preprocessed/audio/1009_IEO_DIS_MD.wav,1009_IEO_DIS_MD.wav,1009,test,5,disgust,4,fearful,0.3972253203392029
/Users/prarthanapatel/Desktop/Himanshi/speech_emotion_detection-develop-v2/cremad_preprocessed/audio/1009_IEO_FEA_HI.wav,1009_IEO_FEA_HI.wav,1009,test,4,fearful,4,fearful,0.8537489175796509
/Users/prarthanapatel/Desktop/Himanshi/speech_emotion_detection-develop-v2/cremad_preprocessed/audio/1009_IEO_FEA_LO.wav,1009_IEO_FEA_LO.wav,1009,test,4,fearful,4,fearful,0.8999422192573547
/Users/prarthanapatel/Desktop/Himanshi/speech_emotion_detection-develop-v2/cremad_preprocessed/audio/1009_IEO_FEA_MD.wav,1009_IEO_FEA_MD.wav,1009,test,4,fearful,4,fearful,0.8214645385742188
/Users/prarthanapatel/Desktop/Himanshi/speech_emotion_detection-develop-v2/cremad_preprocessed/audio/1009_IEO_HAP_HI.wav,1009_IEO_HAP_HI.wav,1009,test,1,happy,4,fearful,0.46671777963638306
/Users/prarthanapatel/Desktop/Himanshi/speech_emotion_detection-develop-v2/cremad_preprocessed/audio/1009_IEO_HAP_LO.wav,1009_IEO_HAP_LO.wav,1009,test,1,happy,1,happy,0.907721996307373
/Users/prarthanapatel/Desktop/Himanshi/speech_emotion_detection-develop-v2/cremad_preprocessed/audio/1009_IEO_HAP_MD.wav,1009_IEO_HAP_MD.wav,1009,test,1,happy,4,fearful,0.8164801597595215
/Users/prarthanapatel/Desktop/Himanshi/speech_emotion_detection-develop-v2/cremad_preprocessed/audio/1009_IEO_NEU_XX.wav,1009_IEO_NEU_XX.wav,1009,test,0,neutral,0,neutral,0.608278214931488
/Users/prarthanapatel/Desktop/Himanshi/speech_emotion_detection-develop-v2/cremad_preprocessed/audio/1009_IEO_SAD_HI.wav,1009_IEO_SAD_HI.wav,1009,test,2,sad,2,sad,0.7862950563430786
/Users/prarthanapatel/Desktop/Himanshi/speech_emotion_detection-develop-v2/cremad_preprocessed/audio/1009_IEO_SAD_LO.wav,1009_IEO_SAD_LO.wav,1009,test,2,sad,2,sad,0.6095279455184937
/Users/prarthanapatel/Desktop/Himanshi/speech_emotion_detection-develop-v2/cremad_preprocessed/audio/1009_IEO_SAD_MD.wav,1009_IEO_SAD_MD.wav,1009,test,2,sad,2,sad,0.6952285766601562
/Users/prarthanapatel/Desktop/Himanshi/speech_emotion_detection-develop-v2/cremad_preprocessed/audio/1009_IOM_ANG_XX.wav,1009_IOM_ANG_XX.wav,1009,test,3,angry,3,angry,0.9829722046852112
/Users/prarthanapatel/Desktop/Himanshi/speech_emotion_detection-develop-v2/cremad_preprocessed/audio/1009_IOM_DIS_XX.wav,1009_IOM_DIS_XX.wav,1009,test,5,disgust,5,disgust,0.5965321660041809
/Users/prarthanapatel/Desktop/Himanshi/speech_emotion_detection-develop-v2/cremad_preprocessed/audio/1009_IOM_FEA_XX.wav,1009_IOM_FEA_XX.wav,1009,test,4,fearful,4,fearful,0.8623181581497192
/Users/prarthanapatel/Desktop/Himanshi/speech_emotion_detection-develop-v2/cremad_preprocessed/audio/1009_IOM_HAP_XX.wav,1009_IOM_HAP_XX.wav,1009,test,1,happy,1,happy,0.8381233811378479
/Users/prarthanapatel/Desktop/Himanshi/speech_emotion_detection-develop-v2/cremad_preprocessed/audio/1009_IOM_NEU_XX.wav,1009_IOM_NEU_XX.wav,1009,test,0,neutral,0,neutral,0.9573649764060974
/Users/prarthanapatel/Desktop/Himanshi/speech_emotion_detection-develop-v2/cremad_preprocessed/audio/1009_IOM_SAD_XX.wav,1009_IOM_SAD_XX.wav,1009,test,2,sad,4,fearful,0.4387240707874298
/Users/prarthanapatel/Desktop/Himanshi/speech_emotion_detection-develop-v2/cremad_preprocessed/audio/1009_ITH_ANG_XX.wav,1009_ITH_ANG_XX.wav,1009,test,3,angry,3,angry,0.8028453588485718
/Users/prarthanapatel/Desktop/Himanshi/speech_emotion_detection-develop-v2/cremad_preprocessed/audio/1009_ITH_DIS_XX.wav,1009_ITH_DIS_XX.wav,1009,test,5,disgust,5,disgust,0.5437775254249573
/Users/prarthanapatel/Desktop/Himanshi/speech_emotion_detection-develop-v2/cremad_preprocessed/audio/1009_ITH_FEA_XX.wav,1009_ITH_FEA_XX.wav,1009,test,4,fearful,4,fearful,0.6201212406158447
/Users/prarthanapatel/Desktop/Himanshi/speech_emotion_detection-develop-v2/cremad_preprocessed/audio/1009_ITH_HAP_XX.wav,1009_ITH_HAP_XX.wav,1009,test,1,happy,1,happy,0.9547829031944275
/Users/prarthanapatel/Desktop/Himanshi/speech_emotion_detection-develop-v2/cremad_preprocessed/audio/1009_ITH_NEU_XX.wav,1009_ITH_NEU_XX.wav,1009,test,0,neutral,0,neutral,0.9306215643882751
/Users/prarthanapatel/Desktop/Himanshi/speech_emotion_detection-develop-v2/cremad_preprocessed/audio/1009_ITH_SAD_XX.wav,1009_ITH_SAD_XX.wav,1009,test,2,sad,2,sad,0.6770517826080322
/Users/prarthanapatel/Desktop/Himanshi/speech_emotion_detection-develop-v2/cremad_preprocessed/audio/1009_ITS_ANG_XX.wav,1009_ITS_ANG_XX.wav,1009,test,3,angry,3,angry,0.9839043021202087
/Users/prarthanapatel/Desktop/Himanshi/speech_emotion_detection-develop-v2/cremad_preprocessed/audio/1009_ITS_DIS_XX.wav,1009_ITS_DIS_XX.wav,1009,test,5,disgust,0,neutral,0.5148427486419678
/Users/prarthanapatel/Desktop/Himanshi/speech_emotion_detection-develop-v2/cremad_preprocessed/audio/1009_ITS_FEA_XX.wav,1009_ITS_FEA_XX.wav,1009,test,4,fearful,4,fearful,0.9000378847122192
/Users/prarthanapatel/Desktop/Himanshi/speech_emotion_detection-develop-v2/cremad_preprocessed/audio/1009_ITS_HAP_XX.wav,1009_ITS_HAP_XX.wav,1009,test,1,happy,1,happy,0.5816052556037903
/Users/prarthanapatel/Desktop/Himanshi/speech_emotion_detection-develop-v2/cremad_preprocessed/audio/1009_ITS_NEU_XX.wav,1009_ITS_NEU_XX.wav,1009,test,0,neutral,0,neutral,0.7346471548080444
/Users/prarthanapatel/Desktop/Himanshi/speech_emotion_detection-develop-v2/cremad_preprocessed/audio/1009_ITS_SAD_XX.wav,1009_ITS_SAD_XX.wav,1009,test,2,sad,2,sad,0.6654256582260132
/Users/prarthanapatel/Desktop/Himanshi/speech_emotion_detection-develop-v2/cremad_preprocessed/audio/1009_IWL_ANG_XX.wav,1009_IWL_ANG_XX.wav,1009,test,3,angry,3,angry,0.5031639933586121
/Users/prarthanapatel/Desktop/Himanshi/speech_emotion_detection-develop-v2/cremad_preprocessed/audio/1009_IWL_DIS_XX.wav,1009_IWL_DIS_XX.wav,1009,test,5,disgust,5,disgust,0.8316967487335205
/Users/prarthanapatel/Desktop/Himanshi/speech_emotion_detection-develop-v2/cremad_preprocessed/audio/1009_IWL_FEA_XX.wav,1009_IWL_FEA_XX.wav,1009,test,4,fearful,4,fearful,0.8471137285232544
/Users/prarthanapatel/Desktop/Himanshi/speech_emotion_detection-develop-v2/cremad_preprocessed/audio/1009_IWL_HAP_XX.wav,1009_IWL_HAP_XX.wav,1009,test,1,happy,1,happy,0.8283210396766663
/Users/prarthanapatel/Desktop/Himanshi/speech_emotion_detection-develop-v2/cremad_preprocessed/audio/1009_IWL_NEU_XX.wav,1009_IWL_NEU_XX.wav,1009,test,0,neutral,0,neutral,0.9214682579040527
/Users/prarthanapatel/Desktop/Himanshi/speech_emotion_detection-develop-v2/cremad_preprocessed/audio/1009_IWL_SAD_XX.wav,1009_IWL_SAD_XX.wav,1009,test,2,sad,2,sad,0.8358209729194641
/Users/prarthanapatel/Desktop/Himanshi/speech_emotion_detection-develop-v2/cremad_preprocessed/audio/1009_IWW_ANG_XX.wav,1009_IWW_ANG_XX.wav,1009,test,3,angry,3,angry,0.9805090427398682
/Users/prarthanapatel/Desktop/Himanshi/speech_emotion_detection-develop-v2/cremad_preprocessed/audio/1009_IWW_DIS_XX.wav,1009_IWW_DIS_XX.wav,1009,test,5,disgust,4,fearful,0.7043436169624329
/Users/prarthanapatel/Desktop/Himanshi/speech_emotion_detection-develop-v2/cremad_preprocessed/audio/1009_IWW_FEA_XX.wav,1009_IWW_FEA_XX.wav,1009,test,4,fearful,4,fearful,0.9315787553787231
/Users/prarthanapatel/Desktop/Himanshi/speech_emotion_detection-develop-v2/cremad_preprocessed/audio/1009_IWW_HAP_XX.wav,1009_IWW_HAP_XX.wav,1009,test,1,happy,1,happy,0.5161342024803162
/Users/prarthanapatel/Desktop/Himanshi/speech_emotion_detection-develop-v2/cremad_preprocessed/audio/1009_IWW_NEU_XX.wav,1009_IWW_NEU_XX.wav,1009,test,0,neutral,0,neutral,0.9540069699287415
/Users/prarthanapatel/Desktop/Himanshi/speech_emotion_detection-develop-v2/cremad_preprocessed/audio/1009_IWW_SAD_XX.wav,1009_IWW_SAD_XX.wav,1009,test,2,sad,2,sad,0.822174072265625
/Users/prarthanapatel/Desktop/Himanshi/speech_emotion_detection-develop-v2/cremad_preprocessed/audio/1009_TAI_ANG_XX.wav,1009_TAI_ANG_XX.wav,1009,test,3,angry,3,angry,0.970390796661377
/Users/prarthanapatel/Desktop/Himanshi/speech_emotion_detection-develop-v2/cremad_preprocessed/audio/1009_TAI_DIS_XX.wav,1009_TAI_DIS_XX.wav,1009,test,5,disgust,5,disgust,0.46428126096725464
/Users/prarthanapatel/Desktop/Himanshi/speech_emotion_detection-develop-v2/cremad_preprocessed/audio/1009_TAI_FEA_XX.wav,1009_TAI_FEA_XX.wav,1009,test,4,fearful,4,fearful,0.8771288990974426
/Users/prarthanapatel/Desktop/Himanshi/speech_emotion_detection-develop-v2/cremad_preprocessed/audio/1009_TAI_HAP_XX.wav,1009_TAI_HAP_XX.wav,1009,test,1,happy,1,happy,0.8121920824050903
/Users/prarthanapatel/Desktop/Himanshi/speech_emotion_detection-develop-v2/cremad_preprocessed/audio/1009_TAI_NEU_XX.wav,1009_TAI_NEU_XX.wav,1009,test,0,neutral,0,neutral,0.5750716924667358
/Users/prarthanapatel/Desktop/Himanshi/speech_emotion_detection-develop-v2/cremad_preprocessed/audio/1009_TAI_SAD_XX.wav,1009_TAI_SAD_XX.wav,1009,test,2,sad,4,fearful,0.8003832697868347
/Users/prarthanapatel/Desktop/Himanshi/speech_emotion_detection-develop-v2/cremad_preprocessed/audio/1009_TIE_ANG_XX.wav,1009_TIE_ANG_XX.wav,1009,test,3,angry,3,angry,0.9452729821205139
/Users/prarthanapatel/Desktop/Himanshi/speech_emotion_detection-develop-v2/cremad_preprocessed/audio/1009_TIE_DIS_XX.wav,1009_TIE_DIS_XX.wav,1009,test,5,disgust,4,fearful,0.6191384196281433
/Users/prarthanapatel/Desktop/Himanshi/speech_emotion_detection-develop-v2/cremad_preprocessed/audio/1009_TIE_FEA_XX.wav,1009_TIE_FEA_XX.wav,1009,test,4,fearful,4,fearful,0.9347733855247498
/Users/prarthanapatel/Desktop/Himanshi/speech_emotion_detection-develop-v2/cremad_preprocessed/audio/1009_TIE_HAP_XX.wav,1009_TIE_HAP_XX.wav,1009,test,1,happy,5,disgust,0.4338895082473755
/Users/prarthanapatel/Desktop/Himanshi/speech_emotion_detection-develop-v2/cremad_preprocessed/audio/1009_TIE_NEU_XX.wav,1009_TIE_NEU_XX.wav,1009,test,0,neutral,0,neutral,0.8814244866371155
/Users/prarthanapatel/Desktop/Himanshi/speech_emotion_detection-develop-v2/cremad_preprocessed/audio/1009_TIE_SAD_XX.wav,1009_TIE_SAD_XX.wav,1009,test,2,sad,0,neutral,0.8559032678604126
/Users/prarthanapatel/Desktop/Himanshi/speech_emotion_detection-develop-v2/cremad_preprocessed/audio/1009_TSI_ANG_XX.wav,1009_TSI_ANG_XX.wav,1009,test,3,angry,3,angry,0.9808475375175476
/Users/prarthanapatel/Desktop/Himanshi/speech_emotion_detection-develop-v2/cremad_preprocessed/audio/1009_TSI_DIS_XX.wav,1009_TSI_DIS_XX.wav,1009,test,5,disgust,0,neutral,0.736966073513031
/Users/prarthanapatel/Desktop/Himanshi/speech_emotion_detection-develop-v2/cremad_preprocessed/audio/1009_TSI_FEA_XX.wav,1009_TSI_FEA_XX.wav,1009,test,4,fearful,4,fearful,0.9260875582695007
/Users/prarthanapatel/Desktop/Himanshi/speech_emotion_detection-develop-v2/cremad_preprocessed/audio/1009_TSI_HAP_XX.wav,1009_TSI_HAP_XX.wav,1009,test,1,happy,1,happy,0.8099494576454163
/Users/prarthanapatel/Desktop/Himanshi/speech_emotion_detection-develop-v2/cremad_preprocessed/audio/1009_TSI_NEU_XX.wav,1009_TSI_NEU_XX.wav,1009,test,0,neutral,0,neutral,0.7725827097892761
/Users/prarthanapatel/Desktop/Himanshi/speech_emotion_detection-develop-v2/cremad_preprocessed/audio/1009_TSI_SAD_XX.wav,1009_TSI_SAD_XX.wav,1009,test,2,sad,2,sad,0.7872798442840576
/Users/prarthanapatel/Desktop/Himanshi/speech_emotion_detection-develop-v2/cremad_preprocessed/audio/1009_WSI_ANG_XX.wav,1009_WSI_ANG_XX.wav,1009,test,3,angry,3,angry,0.9834866523742676
/Users/prarthanapatel/Desktop/Himanshi/speech_emotion_detection-develop-v2/cremad_preprocessed/audio/1009_WSI_DIS_XX.wav,1009_WSI_DIS_XX.wav,1009,test,5,disgust,5,disgust,0.6461395621299744
/Users/prarthanapatel/Desktop/Himanshi/speech_emotion_detection-develop-v2/cremad_preprocessed/audio/1009_WSI_FEA_XX.wav,1009_WSI_FEA_XX.wav,1009,test,4,fearful,4,fearful,0.915103554725647
/Users/prarthanapatel/Desktop/Himanshi/speech_emotion_detection-develop-v2/cremad_preprocessed/audio/1009_WSI_HAP_XX.wav,1009_WSI_HAP_XX.wav,1009,test,1,happy,1,happy,0.5481041669845581
/Users/prarthanapatel/Desktop/Himanshi/speech_emotion_detection-develop-v2/cremad_preprocessed/audio/1009_WSI_NEU_XX.wav,1009_WSI_NEU_XX.wav,1009,test,0,neutral,0,neutral,0.8810060024261475
/Users/prarthanapatel/Desktop/Himanshi/speech_emotion_detection-develop-v2/cremad_preprocessed/audio/1009_WSI_SAD_XX.wav,1009_WSI_SAD_XX.wav,1009,test,2,sad,2,sad,0.7231999039649963
/Users/prarthanapatel/Desktop/Himanshi/speech_emotion_detection-develop-v2/cremad_preprocessed/audio/1013_DFA_ANG_XX.wav,1013_DFA_ANG_XX.wav,1013,test,3,angry,3,angry,0.9851702451705933
/Users/prarthanapatel/Desktop/Himanshi/speech_emotion_detection-develop-v2/cremad_preprocessed/audio/1013_DFA_DIS_XX.wav,1013_DFA_DIS_XX.wav,1013,test,5,disgust,5,disgust,0.9037467241287231
/Users/prarthanapatel/Desktop/Himanshi/speech_emotion_detection-develop-v2/cremad_preprocessed/audio/1013_DFA_FEA_XX.wav,1013_DFA_FEA_XX.wav,1013,test,4,fearful,2,sad,0.5459034442901611
/Users/prarthanapatel/Desktop/Himanshi/speech_emotion_detection-develop-v2/cremad_preprocessed/audio/1013_DFA_HAP_XX.wav,1013_DFA_HAP_XX.wav,1013,test,1,happy,1,happy,0.8651543259620667
/Users/prarthanapatel/Desktop/Himanshi/speech_emotion_detection-develop-v2/cremad_preprocessed/audio/1013_DFA_NEU_XX.wav,1013_DFA_NEU_XX.wav,1013,test,0,neutral,0,neutral,0.9508002996444702
/Users/prarthanapatel/Desktop/Himanshi/speech_emotion_detection-develop-v2/cremad_preprocessed/audio/1013_DFA_SAD_XX.wav,1013_DFA_SAD_XX.wav,1013,test,2,sad,2,sad,0.7317037582397461
/Users/prarthanapatel/Desktop/Himanshi/speech_emotion_detection-develop-v2/cremad_preprocessed/audio/1013_IEO_ANG_HI.wav,1013_IEO_ANG_HI.wav,1013,test,3,angry,3,angry,0.9812130928039551
/Users/prarthanapatel/Desktop/Himanshi/speech_emotion_detection-develop-v2/cremad_preprocessed/audio/1013_IEO_ANG_LO.wav,1013_IEO_ANG_LO.wav,1013,test,3,angry,3,angry,0.8340221047401428
/Users/prarthanapatel/Desktop/Himanshi/speech_emotion_detection-develop-v2/cremad_preprocessed/audio/1013_IEO_ANG_MD.wav,1013_IEO_ANG_MD.wav,1013,test,3,angry,3,angry,0.9778299927711487
/Users/prarthanapatel/Desktop/Himanshi/speech_emotion_detection-develop-v2/cremad_preprocessed/audio/1013_IEO_DIS_HI.wav,1013_IEO_DIS_HI.wav,1013,test,5,disgust,5,disgust,0.5590333342552185
/Users/prarthanapatel/Desktop/Himanshi/speech_emotion_detection-develop-v2/cremad_preprocessed/audio/1013_IEO_DIS_LO.wav,1013_IEO_DIS_LO.wav,1013,test,5,disgust,5,disgust,0.9274232983589172
/Users/prarthanapatel/Desktop/Himanshi/speech_emotion_detection-develop-v2/cremad_preprocessed/audio/1013_IEO_DIS_MD.wav,1013_IEO_DIS_MD.wav,1013,test,5,disgust,4,fearful,0.5181301832199097
/Users/prarthanapatel/Desktop/Himanshi/speech_emotion_detection-develop-v2/cremad_preprocessed/audio/1013_IEO_FEA_HI.wav,1013_IEO_FEA_HI.wav,1013,test,4,fearful,4,fearful,0.9234105944633484
/Users/prarthanapatel/Desktop/Himanshi/speech_emotion_detection-develop-v2/cremad_preprocessed/audio/1013_IEO_FEA_LO.wav,1013_IEO_FEA_LO.wav,1013,test,4,fearful,2,sad,0.8182178735733032
/Users/prarthanapatel/Desktop/Himanshi/speech_emotion_detection-develop-v2/cremad_preprocessed/audio/1013_IEO_FEA_MD.wav,1013_IEO_FEA_MD.wav,1013,test,4,fearful,2,sad,0.4868549704551697
/Users/prarthanapatel/Desktop/Himanshi/speech_emotion_detection-develop-v2/cremad_preprocessed/audio/1013_IEO_HAP_HI.wav,1013_IEO_HAP_HI.wav,1013,test,1,happy,4,fearful,0.8193562030792236
/Users/prarthanapatel/Desktop/Himanshi/speech_emotion_detection-develop-v2/cremad_preprocessed/audio/1013_IEO_HAP_LO.wav,1013_IEO_HAP_LO.wav,1013,test,1,happy,4,fearful,0.7685837149620056
/Users/prarthanapatel/Desktop/Himanshi/speech_emotion_detection-develop-v2/cremad_preprocessed/audio/1013_IEO_HAP_MD.wav,1013_IEO_HAP_MD.wav,1013,test,1,happy,1,happy,0.7417042255401611
/Users/prarthanapatel/Desktop/Himanshi/speech_emotion_detection-develop-v2/cremad_preprocessed/audio/1013_IEO_NEU_XX.wav,1013_IEO_NEU_XX.wav,1013,test,0,neutral,0,neutral,0.6484622359275818
/Users/prarthanapatel/Desktop/Himanshi/speech_emotion_detection-develop-v2/cremad_preprocessed/audio/1013_IEO_SAD_HI.wav,1013_IEO_SAD_HI.wav,1013,test,2,sad,2,sad,0.5171521902084351
/Users/prarthanapatel/Desktop/Himanshi/speech_emotion_detection-develop-v2/cremad_preprocessed/audio/1013_IEO_SAD_LO.wav,1013_IEO_SAD_LO.wav,1013,test,2,sad,2,sad,0.72173011302948
/Users/prarthanapatel/Desktop/Himanshi/speech_emotion_detection-develop-v2/cremad_preprocessed/audio/1013_IEO_SAD_MD.wav,1013_IEO_SAD_MD.wav,1013,test,2,sad,2,sad,0.4773685336112976
/Users/prarthanapatel/Desktop/Himanshi/speech_emotion_detection-develop-v2/cremad_preprocessed/audio/1013_IOM_ANG_XX.wav,1013_IOM_ANG_XX.wav,1013,test,3,angry,3,angry,0.9737368822097778
/Users/prarthanapatel/Desktop/Himanshi/speech_emotion_detection-develop-v2/cremad_preprocessed/audio/1013_IOM_DIS_XX.wav,1013_IOM_DIS_XX.wav,1013,test,5,disgust,5,disgust,0.8874222040176392
/Users/prarthanapatel/Desktop/Himanshi/speech_emotion_detection-develop-v2/cremad_preprocessed/audio/1013_IOM_FEA_XX.wav,1013_IOM_FEA_XX.wav,1013,test,4,fearful,4,fearful,0.5177000761032104
/Users/prarthanapatel/Desktop/Himanshi/speech_emotion_detection-develop-v2/cremad_preprocessed/audio/1013_IOM_HAP_XX.wav,1013_IOM_HAP_XX.wav,1013,test,1,happy,1,happy,0.5553714036941528
/Users/prarthanapatel/Desktop/Himanshi/speech_emotion_detection-develop-v2/cremad_preprocessed/audio/1013_IOM_NEU_XX.wav,1013_IOM_NEU_XX.wav,1013,test,0,neutral,0,neutral,0.9345589280128479
/Users/prarthanapatel/Desktop/Himanshi/speech_emotion_detection-develop-v2/cremad_preprocessed/audio/1013_IOM_SAD_XX.wav,1013_IOM_SAD_XX.wav,1013,test,2,sad,2,sad,0.6958163976669312
/Users/prarthanapatel/Desktop/Himanshi/speech_emotion_detection-develop-v2/cremad_preprocessed/audio/1013_ITH_ANG_XX.wav,1013_ITH_ANG_XX.wav,1013,test,3,angry,3,angry,0.9812206029891968
/Users/prarthanapatel/Desktop/Himanshi/speech_emotion_detection-develop-v2/cremad_preprocessed/audio/1013_ITH_DIS_XX.wav,1013_ITH_DIS_XX.wav,1013,test,5,disgust,5,disgust,0.913662314414978
/Users/prarthanapatel/Desktop/Himanshi/speech_emotion_detection-develop-v2/cremad_preprocessed/audio/1013_ITH_FEA_XX.wav,1013_ITH_FEA_XX.wav,1013,test,4,fearful,4,fearful,0.6897469758987427
/Users/prarthanapatel/Desktop/Himanshi/speech_emotion_detection-develop-v2/cremad_preprocessed/audio/1013_ITH_HAP_XX.wav,1013_ITH_HAP_XX.wav,1013,test,1,happy,3,angry,0.8108571171760559
/Users/prarthanapatel/Desktop/Himanshi/speech_emotion_detection-develop-v2/cremad_preprocessed/audio/1013_ITH_NEU_XX.wav,1013_ITH_NEU_XX.wav,1013,test,0,neutral,0,neutral,0.9636507034301758
/Users/prarthanapatel/Desktop/Himanshi/speech_emotion_detection-develop-v2/cremad_preprocessed/audio/1013_ITH_SAD_XX.wav,1013_ITH_SAD_XX.wav,1013,test,2,sad,2,sad,0.592498242855072
/Users/prarthanapatel/Desktop/Himanshi/speech_emotion_detection-develop-v2/cremad_preprocessed/audio/1013_ITS_ANG_XX.wav,1013_ITS_ANG_XX.wav,1013,test,3,angry,3,angry,0.9845133423805237
/Users/prarthanapatel/Desktop/Himanshi/speech_emotion_detection-develop-v2/cremad_preprocessed/audio/1013_ITS_DIS_XX.wav,1013_ITS_DIS_XX.wav,1013,test,5,disgust,5,disgust,0.6172255277633667
/Users/prarthanapatel/Desktop/Himanshi/speech_emotion_detection-develop-v2/cremad_preprocessed/audio/1013_ITS_FEA_XX.wav,1013_ITS_FEA_XX.wav,1013,test,4,fearful,4,fearful,0.5192736387252808
/Users/prarthanapatel/Desktop/Himanshi/speech_emotion_detection-develop-v2/cremad_preprocessed/audio/1013_ITS_HAP_XX.wav,1013_ITS_HAP_XX.wav,1013,test,1,happy,1,happy,0.7294586300849915
/Users/prarthanapatel/Desktop/Himanshi/speech_emotion_detection-develop-v2/cremad_preprocessed/audio/1013_ITS_NEU_XX.wav,1013_ITS_NEU_XX.wav,1013,test,0,neutral,0,neutral,0.9617177844047546
/Users/prarthanapatel/Desktop/Himanshi/speech_emotion_detection-develop-v2/cremad_preprocessed/audio/1013_ITS_SAD_XX.wav,1013_ITS_SAD_XX.wav,1013,test,2,sad,2,sad,0.8508098125457764
/Users/prarthanapatel/Desktop/Himanshi/speech_emotion_detection-develop-v2/cremad_preprocessed/audio/1013_IWL_ANG_XX.wav,1013_IWL_ANG_XX.wav,1013,test,3,angry,3,angry,0.9822409749031067
/Users/prarthanapatel/Desktop/Himanshi/speech_emotion_detection-develop-v2/cremad_preprocessed/audio/1013_IWL_DIS_XX.wav,1013_IWL_DIS_XX.wav,1013,test,5,disgust,5,disgust,0.546943724155426
/Users/prarthanapatel/Desktop/Himanshi/speech_emotion_detection-develop-v2/cremad_preprocessed/audio/1013_IWL_FEA_XX.wav,1013_IWL_FEA_XX.wav,1013,test,4,fearful,4,fearful,0.8000258207321167
/Users/prarthanapatel/Desktop/Himanshi/speech_emotion_detection-develop-v2/cremad_preprocessed/audio/1013_IWL_HAP_XX.wav,1013_IWL_HAP_XX.wav,1013,test,1,happy,3,angry,0.476960152387619
/Users/prarthanapatel/Desktop/Himanshi/speech_emotion_detection-develop-v2/cremad_preprocessed/audio/1013_IWL_NEU_XX.wav,1013_IWL_NEU_XX.wav,1013,test,0,neutral,0,neutral,0.8287352323532104
/Users/prarthanapatel/Desktop/Himanshi/speech_emotion_detection-develop-v2/cremad_preprocessed/audio/1013_IWL_SAD_XX.wav,1013_IWL_SAD_XX.wav,1013,test,2,sad,2,sad,0.439610093832016
/Users/prarthanapatel/Desktop/Himanshi/speech_emotion_detection-develop-v2/cremad_preprocessed/audio/1013_IWW_ANG_XX.wav,1013_IWW_ANG_XX.wav,1013,test,3,angry,3,angry,0.9846472144126892
/Users/prarthanapatel/Desktop/Himanshi/speech_emotion_detection-develop-v2/cremad_preprocessed/audio/1013_IWW_DIS_XX.wav,1013_IWW_DIS_XX.wav,1013,test,5,disgust,5,disgust,0.8531957268714905
/Users/prarthanapatel/Desktop/Himanshi/speech_emotion_detection-develop-v2/cremad_preprocessed/audio/1013_IWW_FEA_XX.wav,1013_IWW_FEA_XX.wav,1013,test,4,fearful,4,fearful,0.7676907777786255
/Users/prarthanapatel/Desktop/Himanshi/speech_emotion_detection-develop-v2/cremad_preprocessed/audio/1013_IWW_HAP_XX.wav,1013_IWW_HAP_XX.wav,1013,test,1,happy,1,happy,0.9539480209350586
/Users/prarthanapatel/Desktop/Himanshi/speech_emotion_detection-develop-v2/cremad_preprocessed/audio/1013_IWW_NEU_XX.wav,1013_IWW_NEU_XX.wav,1013,test,0,neutral,0,neutral,0.9645464420318604
/Users/prarthanapatel/Desktop/Himanshi/speech_emotion_detection-develop-v2/cremad_preprocessed/audio/1013_IWW_SAD_XX.wav,1013_IWW_SAD_XX.wav,1013,test,2,sad,2,sad,0.6830356121063232
/Users/prarthanapatel/Desktop/Himanshi/speech_emotion_detection-develop-v2/cremad_preprocessed/audio/1013_MTI_ANG_XX.wav,1013_MTI_ANG_XX.wav,1013,test,3,angry,3,angry,0.9838320016860962
/Users/prarthanapatel/Desktop/Himanshi/speech_emotion_detection-develop-v2/cremad_preprocessed/audio/1013_MTI_DIS_XX.wav,1013_MTI_DIS_XX.wav,1013,test,5,disgust,5,disgust,0.7664861679077148
/Users/prarthanapatel/Desktop/Himanshi/speech_emotion_detection-develop-v2/cremad_preprocessed/audio/1013_MTI_FEA_XX.wav,1013_MTI_FEA_XX.wav,1013,test,4,fearful,4,fearful,0.6200199127197266
/Users/prarthanapatel/Desktop/Himanshi/speech_emotion_detection-develop-v2/cremad_preprocessed/audio/1013_MTI_HAP_XX.wav,1013_MTI_HAP_XX.wav,1013,test,1,happy,1,happy,0.9202907085418701
/Users/prarthanapatel/Desktop/Himanshi/speech_emotion_detection-develop-v2/cremad_preprocessed/audio/1013_MTI_NEU_XX.wav,1013_MTI_NEU_XX.wav,1013,test,0,neutral,0,neutral,0.958338737487793
/Users/prarthanapatel/Desktop/Himanshi/speech_emotion_detection-develop-v2/cremad_preprocessed/audio/1013_MTI_SAD_XX.wav,1013_MTI_SAD_XX.wav,1013,test,2,sad,2,sad,0.7882943153381348
/Users/prarthanapatel/Desktop/Himanshi/speech_emotion_detection-develop-v2/cremad_preprocessed/audio/1013_TAI_ANG_XX.wav,1013_TAI_ANG_XX.wav,1013,test,3,angry,3,angry,0.9775804877281189
/Users/prarthanapatel/Desktop/Himanshi/speech_emotion_detection-develop-v2/cremad_preprocessed/audio/1013_TAI_DIS_XX.wav,1013_TAI_DIS_XX.wav,1013,test,5,disgust,5,disgust,0.851117730140686
/Users/prarthanapatel/Desktop/Himanshi/speech_emotion_detection-develop-v2/cremad_preprocessed/audio/1013_TAI_FEA_XX.wav,1013_TAI_FEA_XX.wav,1013,test,4,fearful,4,fearful,0.4705732464790344
/Users/prarthanapatel/Desktop/Himanshi/speech_emotion_detection-develop-v2/cremad_preprocessed/audio/1013_TAI_HAP_XX.wav,1013_TAI_HAP_XX.wav,1013,test,1,happy,3,angry,0.4547699987888336
/Users/prarthanapatel/Desktop/Himanshi/speech_emotion_detection-develop-v2/cremad_preprocessed/audio/1013_TAI_NEU_XX.wav,1013_TAI_NEU_XX.wav,1013,test,0,neutral,0,neutral,0.9124933481216431
/Users/prarthanapatel/Desktop/Himanshi/speech_emotion_detection-develop-v2/cremad_preprocessed/audio/1013_TAI_SAD_XX.wav,1013_TAI_SAD_XX.wav,1013,test,2,sad,2,sad,0.6976343989372253
/Users/prarthanapatel/Desktop/Himanshi/speech_emotion_detection-develop-v2/cremad_preprocessed/audio/1013_TIE_ANG_XX.wav,1013_TIE_ANG_XX.wav,1013,test,3,angry,3,angry,0.9836828708648682
/Users/prarthanapatel/Desktop/Himanshi/speech_emotion_detection-develop-v2/cremad_preprocessed/audio/1013_TIE_DIS_XX.wav,1013_TIE_DIS_XX.wav,1013,test,5,disgust,5,disgust,0.4825170934200287
/Users/prarthanapatel/Desktop/Himanshi/speech_emotion_detection-develop-v2/cremad_preprocessed/audio/1013_TIE_FEA_XX.wav,1013_TIE_FEA_XX.wav,1013,test,4,fearful,4,fearful,0.8897871375083923
/Users/prarthanapatel/Desktop/Himanshi/speech_emotion_detection-develop-v2/cremad_preprocessed/audio/1013_TIE_HAP_XX.wav,1013_TIE_HAP_XX.wav,1013,test,1,happy,1,happy,0.5184814929962158
/Users/prarthanapatel/Desktop/Himanshi/speech_emotion_detection-develop-v2/cremad_preprocessed/audio/1013_TIE_NEU_XX.wav,1013_TIE_NEU_XX.wav,1013,test,0,neutral,0,neutral,0.9710392355918884
/Users/prarthanapatel/Desktop/Himanshi/speech_emotion_detection-develop-v2/cremad_preprocessed/audio/1013_TIE_SAD_XX.wav,1013_TIE_SAD_XX.wav,1013,test,2,sad,2,sad,0.6431937217712402
/Users/prarthanapatel/Desktop/Himanshi/speech_emotion_detection-develop-v2/cremad_preprocessed/audio/1013_TSI_ANG_XX.wav,1013_TSI_ANG_XX.wav,1013,test,3,angry,3,angry,0.9730590581893921
/Users/prarthanapatel/Desktop/Himanshi/speech_emotion_detection-develop-v2/cremad_preprocessed/audio/1013_TSI_DIS_XX.wav,1013_TSI_DIS_XX.wav,1013,test,5,disgust,5,disgust,0.5704214572906494
/Users/prarthanapatel/Desktop/Himanshi/speech_emotion_detection-develop-v2/cremad_preprocessed/audio/1013_TSI_FEA_XX.wav,1013_TSI_FEA_XX.wav,1013,test,4,fearful,4,fearful,0.7330607771873474
/Users/prarthanapatel/Desktop/Himanshi/speech_emotion_detection-develop-v2/cremad_preprocessed/audio/1013_TSI_HAP_XX.wav,1013_TSI_HAP_XX.wav,1013,test,1,happy,1,happy,0.5633876919746399
/Users/prarthanapatel/Desktop/Himanshi/speech_emotion_detection-develop-v2/cremad_preprocessed/audio/1013_TSI_NEU_XX.wav,1013_TSI_NEU_XX.wav,1013,test,0,neutral,0,neutral,0.9626719951629639
/Users/prarthanapatel/Desktop/Himanshi/speech_emotion_detection-develop-v2/cremad_preprocessed/audio/1013_TSI_SAD_XX.wav,1013_TSI_SAD_XX.wav,1013,test,2,sad,2,sad,0.7049867510795593
/Users/prarthanapatel/Desktop/Himanshi/speech_emotion_detection-develop-v2/cremad_preprocessed/audio/1013_WSI_ANG_XX.wav,1013_WSI_ANG_XX.wav,1013,test,3,angry,3,angry,0.9847422242164612
/Users/prarthanapatel/Desktop/Himanshi/speech_emotion_detection-develop-v2/cremad_preprocessed/audio/1013_WSI_DIS_XX.wav,1013_WSI_DIS_XX.wav,1013,test,5,disgust,5,disgust,0.9206641316413879
/Users/prarthanapatel/Desktop/Himanshi/speech_emotion_detection-develop-v2/cremad_preprocessed/audio/1013_WSI_FEA_XX.wav,1013_WSI_FEA_XX.wav,1013,test,4,fearful,2,sad,0.5091016888618469
/Users/prarthanapatel/Desktop/Himanshi/speech_emotion_detection-develop-v2/cremad_preprocessed/audio/1013_WSI_HAP_XX.wav,1013_WSI_HAP_XX.wav,1013,test,1,happy,4,fearful,0.8104276657104492
/Users/prarthanapatel/Desktop/Himanshi/speech_emotion_detection-develop-v2/cremad_preprocessed/audio/1013_WSI_NEU_XX.wav,1013_WSI_NEU_XX.wav,1013,test,0,neutral,0,neutral,0.6596866846084595
/Users/prarthanapatel/Desktop/Himanshi/speech_emotion_detection-develop-v2/cremad_preprocessed/audio/1013_WSI_SAD_XX.wav,1013_WSI_SAD_XX.wav,1013,test,2,sad,5,disgust,0.9214832782745361
/Users/prarthanapatel/Desktop/Himanshi/speech_emotion_detection-develop-v2/cremad_preprocessed/audio/1014_DFA_ANG_XX.wav,1014_DFA_ANG_XX.wav,1014,test,3,angry,3,angry,0.9828534126281738
/Users/prarthanapatel/Desktop/Himanshi/speech_emotion_detection-develop-v2/cremad_preprocessed/audio/1014_DFA_DIS_XX.wav,1014_DFA_DIS_XX.wav,1014,test,5,disgust,5,disgust,0.7555838227272034
/Users/prarthanapatel/Desktop/Himanshi/speech_emotion_detection-develop-v2/cremad_preprocessed/audio/1014_DFA_FEA_XX.wav,1014_DFA_FEA_XX.wav,1014,test,4,fearful,4,fearful,0.8980337381362915
/Users/prarthanapatel/Desktop/Himanshi/speech_emotion_detection-develop-v2/cremad_preprocessed/audio/1014_DFA_HAP_XX.wav,1014_DFA_HAP_XX.wav,1014,test,1,happy,1,happy,0.8100629448890686
/Users/prarthanapatel/Desktop/Himanshi/speech_emotion_detection-develop-v2/cremad_preprocessed/audio/1014_DFA_NEU_XX.wav,1014_DFA_NEU_XX.wav,1014,test,0,neutral,5,disgust,0.8476602435112
/Users/prarthanapatel/Desktop/Himanshi/speech_emotion_detection-develop-v2/cremad_preprocessed/audio/1014_DFA_SAD_XX.wav,1014_DFA_SAD_XX.wav,1014,test,2,sad,5,disgust,0.8924332857131958
/Users/prarthanapatel/Desktop/Himanshi/speech_emotion_detection-develop-v2/cremad_preprocessed/audio/1014_IEO_ANG_HI.wav,1014_IEO_ANG_HI.wav,1014,test,3,angry,3,angry,0.9840713739395142
/Users/prarthanapatel/Desktop/Himanshi/speech_emotion_detection-develop-v2/cremad_preprocessed/audio/1014_IEO_ANG_LO.wav,1014_IEO_ANG_LO.wav,1014,test,3,angry,5,disgust,0.3033621311187744
/Users/prarthanapatel/Desktop/Himanshi/speech_emotion_detection-develop-v2/cremad_preprocessed/audio/1014_IEO_ANG_MD.wav,1014_IEO_ANG_MD.wav,1014,test,3,angry,3,angry,0.9720231890678406
/Users/prarthanapatel/Desktop/Himanshi/speech_emotion_detection-develop-v2/cremad_preprocessed/audio/1014_IEO_DIS_HI.wav,1014_IEO_DIS_HI.wav,1014,test,5,disgust,5,disgust,0.7872475981712341
/Users/prarthanapatel/Desktop/Himanshi/speech_emotion_detection-develop-v2/cremad_preprocessed/audio/1014_IEO_DIS_LO.wav,1014_IEO_DIS_LO.wav,1014,test,5,disgust,5,disgust,0.8840179443359375
/Users/prarthanapatel/Desktop/Himanshi/speech_emotion_detection-develop-v2/cremad_preprocessed/audio/1014_IEO_DIS_MD.wav,1014_IEO_DIS_MD.wav,1014,test,5,disgust,5,disgust,0.9373637437820435
/Users/prarthanapatel/Desktop/Himanshi/speech_emotion_detection-develop-v2/cremad_preprocessed/audio/1014_IEO_FEA_HI.wav,1014_IEO_FEA_HI.wav,1014,test,4,fearful,4,fearful,0.910200297832489
/Users/prarthanapatel/Desktop/Himanshi/speech_emotion_detection-develop-v2/cremad_preprocessed/audio/1014_IEO_FEA_LO.wav,1014_IEO_FEA_LO.wav,1014,test,4,fearful,4,fearful,0.565448522567749
/Users/prarthanapatel/Desktop/Himanshi/speech_emotion_detection-develop-v2/cremad_preprocessed/audio/1014_IEO_FEA_MD.wav,1014_IEO_FEA_MD.wav,1014,test,4,fearful,2,sad,0.5373238921165466
/Users/prarthanapatel/Desktop/Himanshi/speech_emotion_detection-develop-v2/cremad_preprocessed/audio/1014_IEO_HAP_HI.wav,1014_IEO_HAP_HI.wav,1014,test,1,happy,1,happy,0.4211888313293457
/Users/prarthanapatel/Desktop/Himanshi/speech_emotion_detection-develop-v2/cremad_preprocessed/audio/1014_IEO_HAP_LO.wav,1014_IEO_HAP_LO.wav,1014,test,1,happy,1,happy,0.7681387066841125
/Users/prarthanapatel/Desktop/Himanshi/speech_emotion_detection-develop-v2/cremad_preprocessed/audio/1014_IEO_HAP_MD.wav,1014_IEO_HAP_MD.wav,1014,test,1,happy,5,disgust,0.47323742508888245
/Users/prarthanapatel/Desktop/Himanshi/speech_emotion_detection-develop-v2/cremad_preprocessed/audio/1014_IEO_NEU_XX.wav,1014_IEO_NEU_XX.wav,1014,test,0,neutral,0,neutral,0.5882151126861572
/Users/prarthanapatel/Desktop/Himanshi/speech_emotion_detection-develop-v2/cremad_preprocessed/audio/1014_IEO_SAD_HI.wav,1014_IEO_SAD_HI.wav,1014,test,2,sad,2,sad,0.6040078401565552
/Users/prarthanapatel/Desktop/Himanshi/speech_emotion_detection-develop-v2/cremad_preprocessed/audio/1014_IEO_SAD_LO.wav,1014_IEO_SAD_LO.wav,1014,test,2,sad,2,sad,0.5581827163696289
/Users/prarthanapatel/Desktop/Himanshi/speech_emotion_detection-develop-v2/cremad_preprocessed/audio/1014_IEO_SAD_MD.wav,1014_IEO_SAD_MD.wav,1014,test,2,sad,2,sad,0.7764342427253723
/Users/prarthanapatel/Desktop/Himanshi/speech_emotion_detection-develop-v2/cremad_preprocessed/audio/1014_IOM_ANG_XX.wav,1014_IOM_ANG_XX.wav,1014,test,3,angry,3,angry,0.9578641653060913
/Users/prarthanapatel/Desktop/Himanshi/speech_emotion_detection-develop-v2/cremad_preprocessed/audio/1014_IOM_DIS_XX.wav,1014_IOM_DIS_XX.wav,1014,test,5,disgust,5,disgust,0.9483538866043091
/Users/prarthanapatel/Desktop/Himanshi/speech_emotion_detection-develop-v2/cremad_preprocessed/audio/1014_IOM_FEA_XX.wav,1014_IOM_FEA_XX.wav,1014,test,4,fearful,4,fearful,0.8459445238113403
/Users/prarthanapatel/Desktop/Himanshi/speech_emotion_detection-develop-v2/cremad_preprocessed/audio/1014_IOM_HAP_XX.wav,1014_IOM_HAP_XX.wav,1014,test,1,happy,3,angry,0.7669764757156372
/Users/prarthanapatel/Desktop/Himanshi/speech_emotion_detection-develop-v2/cremad_preprocessed/audio/1014_IOM_NEU_XX.wav,1014_IOM_NEU_XX.wav,1014,test,0,neutral,0,neutral,0.7683835625648499
/Users/prarthanapatel/Desktop/Himanshi/speech_emotion_detection-develop-v2/cremad_preprocessed/audio/1014_IOM_SAD_XX.wav,1014_IOM_SAD_XX.wav,1014,test,2,sad,2,sad,0.7018864750862122
/Users/prarthanapatel/Desktop/Himanshi/speech_emotion_detection-develop-v2/cremad_preprocessed/audio/1014_ITH_ANG_XX.wav,1014_ITH_ANG_XX.wav,1014,test,3,angry,5,disgust,0.8950084447860718
/Users/prarthanapatel/Desktop/Himanshi/speech_emotion_detection-develop-v2/cremad_preprocessed/audio/1014_ITH_DIS_XX.wav,1014_ITH_DIS_XX.wav,1014,test,5,disgust,5,disgust,0.8550577759742737
/Users/prarthanapatel/Desktop/Himanshi/speech_emotion_detection-develop-v2/cremad_preprocessed/audio/1014_ITH_FEA_XX.wav,1014_ITH_FEA_XX.wav,1014,test,4,fearful,4,fearful,0.6574541926383972
/Users/prarthanapatel/Desktop/Himanshi/speech_emotion_detection-develop-v2/cremad_preprocessed/audio/1014_ITH_HAP_XX.wav,1014_ITH_HAP_XX.wav,1014,test,1,happy,1,happy,0.9054436087608337
/Users/prarthanapatel/Desktop/Himanshi/speech_emotion_detection-develop-v2/cremad_preprocessed/audio/1014_ITH_NEU_XX.wav,1014_ITH_NEU_XX.wav,1014,test,0,neutral,0,neutral,0.36097627878189087
/Users/prarthanapatel/Desktop/Himanshi/speech_emotion_detection-develop-v2/cremad_preprocessed/audio/1014_ITH_SAD_XX.wav,1014_ITH_SAD_XX.wav,1014,test,2,sad,2,sad,0.4800880551338196
/Users/prarthanapatel/Desktop/Himanshi/speech_emotion_detection-develop-v2/cremad_preprocessed/audio/1014_ITS_ANG_XX.wav,1014_ITS_ANG_XX.wav,1014,test,3,angry,3,angry,0.9777084589004517
/Users/prarthanapatel/Desktop/Himanshi/speech_emotion_detection-develop-v2/cremad_preprocessed/audio/1014_ITS_DIS_XX.wav,1014_ITS_DIS_XX.wav,1014,test,5,disgust,5,disgust,0.884463369846344
/Users/prarthanapatel/Desktop/Himanshi/speech_emotion_detection-develop-v2/cremad_preprocessed/audio/1014_ITS_FEA_XX.wav,1014_ITS_FEA_XX.wav,1014,test,4,fearful,4,fearful,0.8926835060119629
/Users/prarthanapatel/Desktop/Himanshi/speech_emotion_detection-develop-v2/cremad_preprocessed/audio/1014_ITS_HAP_XX.wav,1014_ITS_HAP_XX.wav,1014,test,1,happy,1,happy,0.9122157692909241
/Users/prarthanapatel/Desktop/Himanshi/speech_emotion_detection-develop-v2/cremad_preprocessed/audio/1014_ITS_NEU_XX.wav,1014_ITS_NEU_XX.wav,1014,test,0,neutral,3,angry,0.4789232015609741
/Users/prarthanapatel/Desktop/Himanshi/speech_emotion_detection-develop-v2/cremad_preprocessed/audio/1014_ITS_SAD_XX.wav,1014_ITS_SAD_XX.wav,1014,test,2,sad,2,sad,0.8245449662208557
/Users/prarthanapatel/Desktop/Himanshi/speech_emotion_detection-develop-v2/cremad_preprocessed/audio/1014_IWL_ANG_XX.wav,1014_IWL_ANG_XX.wav,1014,test,3,angry,3,angry,0.932086169719696
/Users/prarthanapatel/Desktop/Himanshi/speech_emotion_detection-develop-v2/cremad_preprocessed/audio/1014_IWL_DIS_XX.wav,1014_IWL_DIS_XX.wav,1014,test,5,disgust,5,disgust,0.6725375056266785
/Users/prarthanapatel/Desktop/Himanshi/speech_emotion_detection-develop-v2/cremad_preprocessed/audio/1014_IWL_FEA_XX.wav,1014_IWL_FEA_XX.wav,1014,test,4,fearful,4,fearful,0.8518640398979187
/Users/prarthanapatel/Desktop/Himanshi/speech_emotion_detection-develop-v2/cremad_preprocessed/audio/1014_IWL_HAP_XX.wav,1014_IWL_HAP_XX.wav,1014,test,1,happy,5,disgust,0.46256792545318604
/Users/prarthanapatel/Desktop/Himanshi/speech_emotion_detection-develop-v2/cremad_preprocessed/audio/1014_IWL_NEU_XX.wav,1014_IWL_NEU_XX.wav,1014,test,0,neutral,5,disgust,0.5039489269256592
/Users/prarthanapatel/Desktop/Himanshi/speech_emotion_detection-develop-v2/cremad_preprocessed/audio/1014_IWL_SAD_XX.wav,1014_IWL_SAD_XX.wav,1014,test,2,sad,2,sad,0.6635909080505371
/Users/prarthanapatel/Desktop/Himanshi/speech_emotion_detection-develop-v2/cremad_preprocessed/audio/1014_IWW_ANG_XX.wav,1014_IWW_ANG_XX.wav,1014,test,3,angry,3,angry,0.9554136991500854
/Users/prarthanapatel/Desktop/Himanshi/speech_emotion_detection-develop-v2/cremad_preprocessed/audio/1014_IWW_DIS_XX.wav,1014_IWW_DIS_XX.wav,1014,test,5,disgust,5,disgust,0.4522944688796997
/Users/prarthanapatel/Desktop/Himanshi/speech_emotion_detection-develop-v2/cremad_preprocessed/audio/1014_IWW_FEA_XX.wav,1014_IWW_FEA_XX.wav,1014,test,4,fearful,4,fearful,0.7104104161262512
/Users/prarthanapatel/Desktop/Himanshi/speech_emotion_detection-develop-v2/cremad_preprocessed/audio/1014_IWW_HAP_XX.wav,1014_IWW_HAP_XX.wav,1014,test,1,happy,1,happy,0.4163241982460022
/Users/prarthanapatel/Desktop/Himanshi/speech_emotion_detection-develop-v2/cremad_preprocessed/audio/1014_IWW_NEU_XX.wav,1014_IWW_NEU_XX.wav,1014,test,0,neutral,3,angry,0.7374529242515564
/Users/prarthanapatel/Desktop/Himanshi/speech_emotion_detection-develop-v2/cremad_preprocessed/audio/1014_IWW_SAD_XX.wav,1014_IWW_SAD_XX.wav,1014,test,2,sad,2,sad,0.641947865486145
/Users/prarthanapatel/Desktop/Himanshi/speech_emotion_detection-develop-v2/cremad_preprocessed/audio/1014_MTI_ANG_XX.wav,1014_MTI_ANG_XX.wav,1014,test,3,angry,3,angry,0.965903103351593
/Users/prarthanapatel/Desktop/Himanshi/speech_emotion_detection-develop-v2/cremad_preprocessed/audio/1014_MTI_DIS_XX.wav,1014_MTI_DIS_XX.wav,1014,test,5,disgust,5,disgust,0.844939112663269
/Users/prarthanapatel/Desktop/Himanshi/speech_emotion_detection-develop-v2/cremad_preprocessed/audio/1014_MTI_FEA_XX.wav,1014_MTI_FEA_XX.wav,1014,test,4,fearful,4,fearful,0.5245023369789124
/Users/prarthanapatel/Desktop/Himanshi/speech_emotion_detection-develop-v2/cremad_preprocessed/audio/1014_MTI_HAP_XX.wav,1014_MTI_HAP_XX.wav,1014,test,1,happy,1,happy,0.7681938409805298
/Users/prarthanapatel/Desktop/Himanshi/speech_emotion_detection-develop-v2/cremad_preprocessed/audio/1014_MTI_NEU_XX.wav,1014_MTI_NEU_XX.wav,1014,test,0,neutral,3,angry,0.48414063453674316
/Users/prarthanapatel/Desktop/Himanshi/speech_emotion_detection-develop-v2/cremad_preprocessed/audio/1014_MTI_SAD_XX.wav,1014_MTI_SAD_XX.wav,1014,test,2,sad,2,sad,0.666099488735199
/Users/prarthanapatel/Desktop/Himanshi/speech_emotion_detection-develop-v2/cremad_preprocessed/audio/1014_TAI_ANG_XX.wav,1014_TAI_ANG_XX.wav,1014,test,3,angry,3,angry,0.9837667942047119
/Users/prarthanapatel/Desktop/Himanshi/speech_emotion_detection-develop-v2/cremad_preprocessed/audio/1014_TAI_DIS_XX.wav,1014_TAI_DIS_XX.wav,1014,test,5,disgust,5,disgust,0.9054877161979675
/Users/prarthanapatel/Desktop/Himanshi/speech_emotion_detection-develop-v2/cremad_preprocessed/audio/1014_TAI_FEA_XX.wav,1014_TAI_FEA_XX.wav,1014,test,4,fearful,4,fearful,0.699374258518219
/Users/prarthanapatel/Desktop/Himanshi/speech_emotion_detection-develop-v2/cremad_preprocessed/audio/1014_TAI_HAP_XX.wav,1014_TAI_HAP_XX.wav,1014,test,1,happy,3,angry,0.41997671127319336
/Users/prarthanapatel/Desktop/Himanshi/speech_emotion_detection-develop-v2/cremad_preprocessed/audio/1014_TAI_NEU_XX.wav,1014_TAI_NEU_XX.wav,1014,test,0,neutral,0,neutral,0.8890154957771301
/Users/prarthanapatel/Desktop/Himanshi/speech_emotion_detection-develop-v2/cremad_preprocessed/audio/1014_TAI_SAD_XX.wav,1014_TAI_SAD_XX.wav,1014,test,2,sad,2,sad,0.6216369867324829
/Users/prarthanapatel/Desktop/Himanshi/speech_emotion_detection-develop-v2/cremad_preprocessed/audio/1014_TIE_ANG_XX.wav,1014_TIE_ANG_XX.wav,1014,test,3,angry,3,angry,0.9834142923355103
/Users/prarthanapatel/Desktop/Himanshi/speech_emotion_detection-develop-v2/cremad_preprocessed/audio/1014_TIE_DIS_XX.wav,1014_TIE_DIS_XX.wav,1014,test,5,disgust,5,disgust,0.8829056024551392
/Users/prarthanapatel/Desktop/Himanshi/speech_emotion_detection-develop-v2/cremad_preprocessed/audio/1014_TIE_FEA_XX.wav,1014_TIE_FEA_XX.wav,1014,test,4,fearful,4,fearful,0.9056723713874817
/Users/prarthanapatel/Desktop/Himanshi/speech_emotion_detection-develop-v2/cremad_preprocessed/audio/1014_TIE_HAP_XX.wav,1014_TIE_HAP_XX.wav,1014,test,1,happy,3,angry,0.8734734058380127
/Users/prarthanapatel/Desktop/Himanshi/speech_emotion_detection-develop-v2/cremad_preprocessed/audio/1014_TIE_NEU_XX.wav,1014_TIE_NEU_XX.wav,1014,test,0,neutral,0,neutral,0.571989893913269
/Users/prarthanapatel/Desktop/Himanshi/speech_emotion_detection-develop-v2/cremad_preprocessed/audio/1014_TIE_SAD_XX.wav,1014_TIE_SAD_XX.wav,1014,test,2,sad,5,disgust,0.6982951164245605
/Users/prarthanapatel/Desktop/Himanshi/speech_emotion_detection-develop-v2/cremad_preprocessed/audio/1014_TSI_ANG_XX.wav,1014_TSI_ANG_XX.wav,1014,test,3,angry,3,angry,0.8885447978973389
/Users/prarthanapatel/Desktop/Himanshi/speech_emotion_detection-develop-v2/cremad_preprocessed/audio/1014_TSI_DIS_XX.wav,1014_TSI_DIS_XX.wav,1014,test,5,disgust,2,sad,0.5751873254776001
/Users/prarthanapatel/Desktop/Himanshi/speech_emotion_detection-develop-v2/cremad_preprocessed/audio/1014_TSI_FEA_XX.wav,1014_TSI_FEA_XX.wav,1014,test,4,fearful,4,fearful,0.7545896768569946
/Users/prarthanapatel/Desktop/Himanshi/speech_emotion_detection-develop-v2/cremad_preprocessed/audio/1014_TSI_HAP_XX.wav,1014_TSI_HAP_XX.wav,1014,test,1,happy,4,fearful,0.6316419839859009
/Users/prarthanapatel/Desktop/Himanshi/speech_emotion_detection-develop-v2/cremad_preprocessed/audio/1014_TSI_NEU_XX.wav,1014_TSI_NEU_XX.wav,1014,test,0,neutral,0,neutral,0.7942702770233154
/Users/prarthanapatel/Desktop/Himanshi/speech_emotion_detection-develop-v2/cremad_preprocessed/audio/1014_TSI_SAD_XX.wav,1014_TSI_SAD_XX.wav,1014,test,2,sad,2,sad,0.7687234878540039
/Users/prarthanapatel/Desktop/Himanshi/speech_emotion_detection-develop-v2/cremad_preprocessed/audio/1014_WSI_ANG_XX.wav,1014_WSI_ANG_XX.wav,1014,test,3,angry,3,angry,0.9821398258209229
/Users/prarthanapatel/Desktop/Himanshi/speech_emotion_detection-develop-v2/cremad_preprocessed/audio/1014_WSI_DIS_XX.wav,1014_WSI_DIS_XX.wav,1014,test,5,disgust,2,sad,0.537392258644104
/Users/prarthanapatel/Desktop/Himanshi/speech_emotion_detection-develop-v2/cremad_preprocessed/audio/1014_WSI_FEA_XX.wav,1014_WSI_FEA_XX.wav,1014,test,4,fearful,4,fearful,0.5569948554039001
/Users/prarthanapatel/Desktop/Himanshi/speech_emotion_detection-develop-v2/cremad_preprocessed/audio/1014_WSI_HAP_XX.wav,1014_WSI_HAP_XX.wav,1014,test,1,happy,3,angry,0.9027222394943237
/Users/prarthanapatel/Desktop/Himanshi/speech_emotion_detection-develop-v2/cremad_preprocessed/audio/1014_WSI_NEU_XX.wav,1014_WSI_NEU_XX.wav,1014,test,0,neutral,3,angry,0.7487377524375916
/Users/prarthanapatel/Desktop/Himanshi/speech_emotion_detection-develop-v2/cremad_preprocessed/audio/1014_WSI_SAD_XX.wav,1014_WSI_SAD_XX.wav,1014,test,2,sad,2,sad,0.789588212966919
/Users/prarthanapatel/Desktop/Himanshi/speech_emotion_detection-develop-v2/cremad_preprocessed/audio/1015_DFA_ANG_XX.wav,1015_DFA_ANG_XX.wav,1015,test,3,angry,3,angry,0.8835434317588806
/Users/prarthanapatel/Desktop/Himanshi/speech_emotion_detection-develop-v2/cremad_preprocessed/audio/1015_DFA_DIS_XX.wav,1015_DFA_DIS_XX.wav,1015,test,5,disgust,4,fearful,0.9059628248214722
/Users/prarthanapatel/Desktop/Himanshi/speech_emotion_detection-develop-v2/cremad_preprocessed/audio/1015_DFA_FEA_XX.wav,1015_DFA_FEA_XX.wav,1015,test,4,fearful,4,fearful,0.9073982238769531
/Users/prarthanapatel/Desktop/Himanshi/speech_emotion_detection-develop-v2/cremad_preprocessed/audio/1015_DFA_HAP_XX.wav,1015_DFA_HAP_XX.wav,1015,test,1,happy,1,happy,0.9278438091278076
/Users/prarthanapatel/Desktop/Himanshi/speech_emotion_detection-develop-v2/cremad_preprocessed/audio/1015_DFA_NEU_XX.wav,1015_DFA_NEU_XX.wav,1015,test,0,neutral,0,neutral,0.9568939805030823
/Users/prarthanapatel/Desktop/Himanshi/speech_emotion_detection-develop-v2/cremad_preprocessed/audio/1015_DFA_SAD_XX.wav,1015_DFA_SAD_XX.wav,1015,test,2,sad,4,fearful,0.8639373779296875
/Users/prarthanapatel/Desktop/Himanshi/speech_emotion_detection-develop-v2/cremad_preprocessed/audio/1015_IEO_ANG_HI.wav,1015_IEO_ANG_HI.wav,1015,test,3,angry,3,angry,0.9746965765953064
/Users/prarthanapatel/Desktop/Himanshi/speech_emotion_detection-develop-v2/cremad_preprocessed/audio/1015_IEO_ANG_LO.wav,1015_IEO_ANG_LO.wav,1015,test,3,angry,3,angry,0.9802557229995728
/Users/prarthanapatel/Desktop/Himanshi/speech_emotion_detection-develop-v2/cremad_preprocessed/audio/1015_IEO_ANG_MD.wav,1015_IEO_ANG_MD.wav,1015,test,3,angry,3,angry,0.4648384153842926
/Users/prarthanapatel/Desktop/Himanshi/speech_emotion_detection-develop-v2/cremad_preprocessed/audio/1015_IEO_DIS_HI.wav,1015_IEO_DIS_HI.wav,1015,test,5,disgust,4,fearful,0.8390427827835083
/Users/prarthanapatel/Desktop/Himanshi/speech_emotion_detection-develop-v2/cremad_preprocessed/audio/1015_IEO_DIS_LO.wav,1015_IEO_DIS_LO.wav,1015,test,5,disgust,4,fearful,0.45038074254989624
/Users/prarthanapatel/Desktop/Himanshi/speech_emotion_detection-develop-v2/cremad_preprocessed/audio/1015_IEO_DIS_MD.wav,1015_IEO_DIS_MD.wav,1015,test,5,disgust,4,fearful,0.7345789670944214
/Users/prarthanapatel/Desktop/Himanshi/speech_emotion_detection-develop-v2/cremad_preprocessed/audio/1015_IEO_FEA_HI.wav,1015_IEO_FEA_HI.wav,1015,test,4,fearful,4,fearful,0.8786712884902954
/Users/prarthanapatel/Desktop/Himanshi/speech_emotion_detection-develop-v2/cremad_preprocessed/audio/1015_IEO_FEA_LO.wav,1015_IEO_FEA_LO.wav,1015,test,4,fearful,4,fearful,0.7148001194000244
/Users/prarthanapatel/Desktop/Himanshi/speech_emotion_detection-develop-v2/cremad_preprocessed/audio/1015_IEO_FEA_MD.wav,1015_IEO_FEA_MD.wav,1015,test,4,fearful,4,fearful,0.7320044636726379
/Users/prarthanapatel/Desktop/Himanshi/speech_emotion_detection-develop-v2/cremad_preprocessed/audio/1015_IEO_HAP_HI.wav,1015_IEO_HAP_HI.wav,1015,test,1,happy,1,happy,0.45204663276672363
/Users/prarthanapatel/Desktop/Himanshi/speech_emotion_detection-develop-v2/cremad_preprocessed/audio/1015_IEO_HAP_LO.wav,1015_IEO_HAP_LO.wav,1015,test,1,happy,1,happy,0.7511829137802124
/Users/prarthanapatel/Desktop/Himanshi/speech_emotion_detection-develop-v2/cremad_preprocessed/audio/1015_IEO_HAP_MD.wav,1015_IEO_HAP_MD.wav,1015,test,1,happy,1,happy,0.6427960395812988
/Users/prarthanapatel/Desktop/Himanshi/speech_emotion_detection-develop-v2/cremad_preprocessed/audio/1015_IEO_NEU_XX.wav,1015_IEO_NEU_XX.wav,1015,test,0,neutral,1,happy,0.46441808342933655
/Users/prarthanapatel/Desktop/Himanshi/speech_emotion_detection-develop-v2/cremad_preprocessed/audio/1015_IEO_SAD_HI.wav,1015_IEO_SAD_HI.wav,1015,test,2,sad,2,sad,0.8671198487281799
/Users/prarthanapatel/Desktop/Himanshi/speech_emotion_detection-develop-v2/cremad_preprocessed/audio/1015_IEO_SAD_LO.wav,1015_IEO_SAD_LO.wav,1015,test,2,sad,2,sad,0.8461941480636597
/Users/prarthanapatel/Desktop/Himanshi/speech_emotion_detection-develop-v2/cremad_preprocessed/audio/1015_IEO_SAD_MD.wav,1015_IEO_SAD_MD.wav,1015,test,2,sad,4,fearful,0.47422584891319275
/Users/prarthanapatel/Desktop/Himanshi/speech_emotion_detection-develop-v2/cremad_preprocessed/audio/1015_IOM_ANG_XX.wav,1015_IOM_ANG_XX.wav,1015,test,3,angry,5,disgust,0.48790839314460754
/Users/prarthanapatel/Desktop/Himanshi/speech_emotion_detection-develop-v2/cremad_preprocessed/audio/1015_IOM_DIS_XX.wav,1015_IOM_DIS_XX.wav,1015,test,5,disgust,4,fearful,0.484282910823822
/Users/prarthanapatel/Desktop/Himanshi/speech_emotion_detection-develop-v2/cremad_preprocessed/audio/1015_IOM_FEA_XX.wav,1015_IOM_FEA_XX.wav,1015,test,4,fearful,4,fearful,0.5423912405967712
/Users/prarthanapatel/Desktop/Himanshi/speech_emotion_detection-develop-v2/cremad_preprocessed/audio/1015_IOM_HAP_XX.wav,1015_IOM_HAP_XX.wav,1015,test,1,happy,1,happy,0.8918516039848328
/Users/prarthanapatel/Desktop/Himanshi/speech_emotion_detection-develop-v2/cremad_preprocessed/audio/1015_IOM_NEU_XX.wav,1015_IOM_NEU_XX.wav,1015,test,0,neutral,0,neutral,0.8165056109428406
/Users/prarthanapatel/Desktop/Himanshi/speech_emotion_detection-develop-v2/cremad_preprocessed/audio/1015_IOM_SAD_XX.wav,1015_IOM_SAD_XX.wav,1015,test,2,sad,2,sad,0.5272799730300903
/Users/prarthanapatel/Desktop/Himanshi/speech_emotion_detection-develop-v2/cremad_preprocessed/audio/1015_ITH_ANG_XX.wav,1015_ITH_ANG_XX.wav,1015,test,3,angry,1,happy,0.4580601751804352
/Users/prarthanapatel/Desktop/Himanshi/speech_emotion_detection-develop-v2/cremad_preprocessed/audio/1015_ITH_DIS_XX.wav,1015_ITH_DIS_XX.wav,1015,test,5,disgust,2,sad,0.5953025221824646
/Users/prarthanapatel/Desktop/Himanshi/speech_emotion_detection-develop-v2/cremad_preprocessed/audio/1015_ITH_FEA_XX.wav,1015_ITH_FEA_XX.wav,1015,test,4,fearful,4,fearful,0.780631422996521
/Users/prarthanapatel/Desktop/Himanshi/speech_emotion_detection-develop-v2/cremad_preprocessed/audio/1015_ITH_HAP_XX.wav,1015_ITH_HAP_XX.wav,1015,test,1,happy,1,happy,0.854066014289856
/Users/prarthanapatel/Desktop/Himanshi/speech_emotion_detection-develop-v2/cremad_preprocessed/audio/1015_ITH_NEU_XX.wav,1015_ITH_NEU_XX.wav,1015,test,0,neutral,2,sad,0.43580523133277893
/Users/prarthanapatel/Desktop/Himanshi/speech_emotion_detection-develop-v2/cremad_preprocessed/audio/1015_ITH_SAD_XX.wav,1015_ITH_SAD_XX.wav,1015,test,2,sad,2,sad,0.5640627145767212
/Users/prarthanapatel/Desktop/Himanshi/speech_emotion_detection-develop-v2/cremad_preprocessed/audio/1015_ITS_ANG_XX.wav,1015_ITS_ANG_XX.wav,1015,test,3,angry,3,angry,0.5699200630187988
/Users/prarthanapatel/Desktop/Himanshi/speech_emotion_detection-develop-v2/cremad_preprocessed/audio/1015_ITS_DIS_XX.wav,1015_ITS_DIS_XX.wav,1015,test,5,disgust,4,fearful,0.80985426902771
/Users/prarthanapatel/Desktop/Himanshi/speech_emotion_detection-develop-v2/cremad_preprocessed/audio/1015_ITS_FEA_XX.wav,1015_ITS_FEA_XX.wav,1015,test,4,fearful,4,fearful,0.5518446564674377
/Users/prarthanapatel/Desktop/Himanshi/speech_emotion_detection-develop-v2/cremad_preprocessed/audio/1015_ITS_HAP_XX.wav,1015_ITS_HAP_XX.wav,1015,test,1,happy,1,happy,0.9260125160217285
/Users/prarthanapatel/Desktop/Himanshi/speech_emotion_detection-develop-v2/cremad_preprocessed/audio/1015_ITS_NEU_XX.wav,1015_ITS_NEU_XX.wav,1015,test,0,neutral,0,neutral,0.9512807726860046
/Users/prarthanapatel/Desktop/Himanshi/speech_emotion_detection-develop-v2/cremad_preprocessed/audio/1015_ITS_SAD_XX.wav,1015_ITS_SAD_XX.wav,1015,test,2,sad,2,sad,0.451898992061615
/Users/prarthanapatel/Desktop/Himanshi/speech_emotion_detection-develop-v2/cremad_preprocessed/audio/1015_IWL_ANG_XX.wav,1015_IWL_ANG_XX.wav,1015,test,3,angry,3,angry,0.5691498517990112
/Users/prarthanapatel/Desktop/Himanshi/speech_emotion_detection-develop-v2/cremad_preprocessed/audio/1015_IWL_DIS_XX.wav,1015_IWL_DIS_XX.wav,1015,test,5,disgust,4,fearful,0.7213303446769714
/Users/prarthanapatel/Desktop/Himanshi/speech_emotion_detection-develop-v2/cremad_preprocessed/audio/1015_IWL_FEA_XX.wav,1015_IWL_FEA_XX.wav,1015,test,4,fearful,4,fearful,0.9276626706123352
/Users/prarthanapatel/Desktop/Himanshi/speech_emotion_detection-develop-v2/cremad_preprocessed/audio/1015_IWL_HAP_XX.wav,1015_IWL_HAP_XX.wav,1015,test,1,happy,1,happy,0.841170072555542
/Users/prarthanapatel/Desktop/Himanshi/speech_emotion_detection-develop-v2/cremad_preprocessed/audio/1015_IWL_NEU_XX.wav,1015_IWL_NEU_XX.wav,1015,test,0,neutral,0,neutral,0.8978708386421204
/Users/prarthanapatel/Desktop/Himanshi/speech_emotion_detection-develop-v2/cremad_preprocessed/audio/1015_IWL_SAD_XX.wav,1015_IWL_SAD_XX.wav,1015,test,2,sad,4,fearful,0.7795276045799255
/Users/prarthanapatel/Desktop/Himanshi/speech_emotion_detection-develop-v2/cremad_preprocessed/audio/1015_IWW_ANG_XX.wav,1015_IWW_ANG_XX.wav,1015,test,3,angry,5,disgust,0.7165523171424866
/Users/prarthanapatel/Desktop/Himanshi/speech_emotion_detection-develop-v2/cremad_preprocessed/audio/1015_IWW_DIS_XX.wav,1015_IWW_DIS_XX.wav,1015,test,5,disgust,2,sad,0.5709309577941895
/Users/prarthanapatel/Desktop/Himanshi/speech_emotion_detection-develop-v2/cremad_preprocessed/audio/1015_IWW_FEA_XX.wav,1015_IWW_FEA_XX.wav,1015,test,4,fearful,4,fearful,0.7726083993911743
/Users/prarthanapatel/Desktop/Himanshi/speech_emotion_detection-develop-v2/cremad_preprocessed/audio/1015_IWW_HAP_XX.wav,1015_IWW_HAP_XX.wav,1015,test,1,happy,1,happy,0.9641091823577881
/Users/prarthanapatel/Desktop/Himanshi/speech_emotion_detection-develop-v2/cremad_preprocessed/audio/1015_IWW_NEU_XX.wav,1015_IWW_NEU_XX.wav,1015,test,0,neutral,0,neutral,0.8505991697311401
/Users/prarthanapatel/Desktop/Himanshi/speech_emotion_detection-develop-v2/cremad_preprocessed/audio/1015_IWW_SAD_XX.wav,1015_IWW_SAD_XX.wav,1015,test,2,sad,2,sad,0.4646020233631134
/Users/prarthanapatel/Desktop/Himanshi/speech_emotion_detection-develop-v2/cremad_preprocessed/audio/1015_MTI_ANG_XX.wav,1015_MTI_ANG_XX.wav,1015,test,3,angry,1,happy,0.5474382638931274
/Users/prarthanapatel/Desktop/Himanshi/speech_emotion_detection-develop-v2/cremad_preprocessed/audio/1015_MTI_DIS_XX.wav,1015_MTI_DIS_XX.wav,1015,test,5,disgust,4,fearful,0.3607718050479889
/Users/prarthanapatel/Desktop/Himanshi/speech_emotion_detection-develop-v2/cremad_preprocessed/audio/1015_MTI_FEA_XX.wav,1015_MTI_FEA_XX.wav,1015,test,4,fearful,4,fearful,0.9236493706703186
/Users/prarthanapatel/Desktop/Himanshi/speech_emotion_detection-develop-v2/cremad_preprocessed/audio/1015_MTI_HAP_XX.wav,1015_MTI_HAP_XX.wav,1015,test,1,happy,1,happy,0.6861191987991333
/Users/prarthanapatel/Desktop/Himanshi/speech_emotion_detection-develop-v2/cremad_preprocessed/audio/1015_MTI_NEU_XX.wav,1015_MTI_NEU_XX.wav,1015,test,0,neutral,0,neutral,0.7254869341850281
/Users/prarthanapatel/Desktop/Himanshi/speech_emotion_detection-develop-v2/cremad_preprocessed/audio/1015_MTI_SAD_XX.wav,1015_MTI_SAD_XX.wav,1015,test,2,sad,2,sad,0.5696702599525452
/Users/prarthanapatel/Desktop/Himanshi/speech_emotion_detection-develop-v2/cremad_preprocessed/audio/1015_TAI_ANG_XX.wav,1015_TAI_ANG_XX.wav,1015,test,3,angry,3,angry,0.9807934165000916
/Users/prarthanapatel/Desktop/Himanshi/speech_emotion_detection-develop-v2/cremad_preprocessed/audio/1015_TAI_DIS_XX.wav,1015_TAI_DIS_XX.wav,1015,test,5,disgust,4,fearful,0.4516981542110443
/Users/prarthanapatel/Desktop/Himanshi/speech_emotion_detection-develop-v2/cremad_preprocessed/audio/1015_TAI_FEA_XX.wav,1015_TAI_FEA_XX.wav,1015,test,4,fearful,4,fearful,0.9064865708351135
/Users/prarthanapatel/Desktop/Himanshi/speech_emotion_detection-develop-v2/cremad_preprocessed/audio/1015_TAI_HAP_XX.wav,1015_TAI_HAP_XX.wav,1015,test,1,happy,1,happy,0.9435696601867676
/Users/prarthanapatel/Desktop/Himanshi/speech_emotion_detection-develop-v2/cremad_preprocessed/audio/1015_TAI_NEU_XX.wav,1015_TAI_NEU_XX.wav,1015,test,0,neutral,0,neutral,0.6211787462234497
/Users/prarthanapatel/Desktop/Himanshi/speech_emotion_detection-develop-v2/cremad_preprocessed/audio/1015_TAI_SAD_XX.wav,1015_TAI_SAD_XX.wav,1015,test,2,sad,2,sad,0.8346402645111084
/Users/prarthanapatel/Desktop/Himanshi/speech_emotion_detection-develop-v2/cremad_preprocessed/audio/1015_TIE_ANG_XX.wav,1015_TIE_ANG_XX.wav,1015,test,3,angry,5,disgust,0.4367634952068329
/Users/prarthanapatel/Desktop/Himanshi/speech_emotion_detection-develop-v2/cremad_preprocessed/audio/1015_TIE_DIS_XX.wav,1015_TIE_DIS_XX.wav,1015,test,5,disgust,5,disgust,0.7526530623435974
/Users/prarthanapatel/Desktop/Himanshi/speech_emotion_detection-develop-v2/cremad_preprocessed/audio/1015_TIE_FEA_XX.wav,1015_TIE_FEA_XX.wav,1015,test,4,fearful,4,fearful,0.8454505205154419
/Users/prarthanapatel/Desktop/Himanshi/speech_emotion_detection-develop-v2/cremad_preprocessed/audio/1015_TIE_HAP_XX.wav,1015_TIE_HAP_XX.wav,1015,test,1,happy,1,happy,0.5881706476211548
/Users/prarthanapatel/Desktop/Himanshi/speech_emotion_detection-develop-v2/cremad_preprocessed/audio/1015_TIE_NEU_XX.wav,1015_TIE_NEU_XX.wav,1015,test,0,neutral,4,fearful,0.2882969379425049
/Users/prarthanapatel/Desktop/Himanshi/speech_emotion_detection-develop-v2/cremad_preprocessed/audio/1015_TIE_SAD_XX.wav,1015_TIE_SAD_XX.wav,1015,test,2,sad,0,neutral,0.3959456980228424
/Users/prarthanapatel/Desktop/Himanshi/speech_emotion_detection-develop-v2/cremad_preprocessed/audio/1015_TSI_ANG_XX.wav,1015_TSI_ANG_XX.wav,1015,test,3,angry,1,happy,0.7424050569534302
/Users/prarthanapatel/Desktop/Himanshi/speech_emotion_detection-develop-v2/cremad_preprocessed/audio/1015_TSI_DIS_XX.wav,1015_TSI_DIS_XX.wav,1015,test,5,disgust,2,sad,0.5764027237892151
/Users/prarthanapatel/Desktop/Himanshi/speech_emotion_detection-develop-v2/cremad_preprocessed/audio/1015_TSI_FEA_XX.wav,1015_TSI_FEA_XX.wav,1015,test,4,fearful,4,fearful,0.8930280804634094
/Users/prarthanapatel/Desktop/Himanshi/speech_emotion_detection-develop-v2/cremad_preprocessed/audio/1015_TSI_HAP_XX.wav,1015_TSI_HAP_XX.wav,1015,test,1,happy,1,happy,0.928435206413269
/Users/prarthanapatel/Desktop/Himanshi/speech_emotion_detection-develop-v2/cremad_preprocessed/audio/1015_TSI_NEU_XX.wav,1015_TSI_NEU_XX.wav,1015,test,0,neutral,0,neutral,0.8966521620750427
/Users/prarthanapatel/Desktop/Himanshi/speech_emotion_detection-develop-v2/cremad_preprocessed/audio/1015_TSI_SAD_XX.wav,1015_TSI_SAD_XX.wav,1015,test,2,sad,2,sad,0.7769033312797546
/Users/prarthanapatel/Desktop/Himanshi/speech_emotion_detection-develop-v2/cremad_preprocessed/audio/1015_WSI_ANG_XX.wav,1015_WSI_ANG_XX.wav,1015,test,3,angry,3,angry,0.5480908155441284
/Users/prarthanapatel/Desktop/Himanshi/speech_emotion_detection-develop-v2/cremad_preprocessed/audio/1015_WSI_DIS_XX.wav,1015_WSI_DIS_XX.wav,1015,test,5,disgust,4,fearful,0.4786577820777893
/Users/prarthanapatel/Desktop/Himanshi/speech_emotion_detection-develop-v2/cremad_preprocessed/audio/1015_WSI_FEA_XX.wav,1015_WSI_FEA_XX.wav,1015,test,4,fearful,4,fearful,0.8985503315925598
/Users/prarthanapatel/Desktop/Himanshi/speech_emotion_detection-develop-v2/cremad_preprocessed/audio/1015_WSI_HAP_XX.wav,1015_WSI_HAP_XX.wav,1015,test,1,happy,1,happy,0.8694266676902771
/Users/prarthanapatel/Desktop/Himanshi/speech_emotion_detection-develop-v2/cremad_preprocessed/audio/1015_WSI_NEU_XX.wav,1015_WSI_NEU_XX.wav,1015,test,0,neutral,2,sad,0.698104739189148
/Users/prarthanapatel/Desktop/Himanshi/speech_emotion_detection-develop-v2/cremad_preprocessed/audio/1015_WSI_SAD_XX.wav,1015_WSI_SAD_XX.wav,1015,test,2,sad,2,sad,0.47873565554618835
/Users/prarthanapatel/Desktop/Himanshi/speech_emotion_detection-develop-v2/cremad_preprocessed/audio/1020_DFA_ANG_XX.wav,1020_DFA_ANG_XX.wav,1020,test,3,angry,3,angry,0.965515673160553
/Users/prarthanapatel/Desktop/Himanshi/speech_emotion_detection-develop-v2/cremad_preprocessed/audio/1020_DFA_DIS_XX.wav,1020_DFA_DIS_XX.wav,1020,test,5,disgust,5,disgust,0.811366081237793
/Users/prarthanapatel/Desktop/Himanshi/speech_emotion_detection-develop-v2/cremad_preprocessed/audio/1020_DFA_FEA_XX.wav,1020_DFA_FEA_XX.wav,1020,test,4,fearful,4,fearful,0.9067808389663696
/Users/prarthanapatel/Desktop/Himanshi/speech_emotion_detection-develop-v2/cremad_preprocessed/audio/1020_DFA_HAP_XX.wav,1020_DFA_HAP_XX.wav,1020,test,1,happy,1,happy,0.9481750726699829
/Users/prarthanapatel/Desktop/Himanshi/speech_emotion_detection-develop-v2/cremad_preprocessed/audio/1020_DFA_NEU_XX.wav,1020_DFA_NEU_XX.wav,1020,test,0,neutral,1,happy,0.42585185170173645
/Users/prarthanapatel/Desktop/Himanshi/speech_emotion_detection-develop-v2/cremad_preprocessed/audio/1020_DFA_SAD_XX.wav,1020_DFA_SAD_XX.wav,1020,test,2,sad,2,sad,0.6232268810272217
/Users/prarthanapatel/Desktop/Himanshi/speech_emotion_detection-develop-v2/cremad_preprocessed/audio/1020_IEO_ANG_HI.wav,1020_IEO_ANG_HI.wav,1020,test,3,angry,4,fearful,0.6076678037643433
/Users/prarthanapatel/Desktop/Himanshi/speech_emotion_detection-develop-v2/cremad_preprocessed/audio/1020_IEO_ANG_LO.wav,1020_IEO_ANG_LO.wav,1020,test,3,angry,3,angry,0.5531110167503357
/Users/prarthanapatel/Desktop/Himanshi/speech_emotion_detection-develop-v2/cremad_preprocessed/audio/1020_IEO_ANG_MD.wav,1020_IEO_ANG_MD.wav,1020,test,3,angry,3,angry,0.49942776560783386
/Users/prarthanapatel/Desktop/Himanshi/speech_emotion_detection-develop-v2/cremad_preprocessed/audio/1020_IEO_DIS_HI.wav,1020_IEO_DIS_HI.wav,1020,test,5,disgust,5,disgust,0.9224745631217957
/Users/prarthanapatel/Desktop/Himanshi/speech_emotion_detection-develop-v2/cremad_preprocessed/audio/1020_IEO_DIS_LO.wav,1020_IEO_DIS_LO.wav,1020,test,5,disgust,5,disgust,0.8854004144668579
/Users/prarthanapatel/Desktop/Himanshi/speech_emotion_detection-develop-v2/cremad_preprocessed/audio/1020_IEO_DIS_MD.wav,1020_IEO_DIS_MD.wav,1020,test,5,disgust,5,disgust,0.8928346633911133
/Users/prarthanapatel/Desktop/Himanshi/speech_emotion_detection-develop-v2/cremad_preprocessed/audio/1020_IEO_FEA_HI.wav,1020_IEO_FEA_HI.wav,1020,test,4,fearful,4,fearful,0.8656380772590637
/Users/prarthanapatel/Desktop/Himanshi/speech_emotion_detection-develop-v2/cremad_preprocessed/audio/1020_IEO_FEA_LO.wav,1020_IEO_FEA_LO.wav,1020,test,4,fearful,5,disgust,0.5316095948219299
/Users/prarthanapatel/Desktop/Himanshi/speech_emotion_detection-develop-v2/cremad_preprocessed/audio/1020_IEO_FEA_MD.wav,1020_IEO_FEA_MD.wav,1020,test,4,fearful,4,fearful,0.9014043211936951
/Users/prarthanapatel/Desktop/Himanshi/speech_emotion_detection-develop-v2/cremad_preprocessed/audio/1020_IEO_HAP_HI.wav,1020_IEO_HAP_HI.wav,1020,test,1,happy,4,fearful,0.4885909855365753
/Users/prarthanapatel/Desktop/Himanshi/speech_emotion_detection-develop-v2/cremad_preprocessed/audio/1020_IEO_HAP_LO.wav,1020_IEO_HAP_LO.wav,1020,test,1,happy,1,happy,0.8951201438903809
/Users/prarthanapatel/Desktop/Himanshi/speech_emotion_detection-develop-v2/cremad_preprocessed/audio/1020_IEO_HAP_MD.wav,1020_IEO_HAP_MD.wav,1020,test,1,happy,1,happy,0.4700344204902649
/Users/prarthanapatel/Desktop/Himanshi/speech_emotion_detection-develop-v2/cremad_preprocessed/audio/1020_IEO_NEU_XX.wav,1020_IEO_NEU_XX.wav,1020,test,0,neutral,0,neutral,0.5709315538406372
/Users/prarthanapatel/Desktop/Himanshi/speech_emotion_detection-develop-v2/cremad_preprocessed/audio/1020_IEO_SAD_HI.wav,1020_IEO_SAD_HI.wav,1020,test,2,sad,5,disgust,0.5436771512031555
/Users/prarthanapatel/Desktop/Himanshi/speech_emotion_detection-develop-v2/cremad_preprocessed/audio/1020_IEO_SAD_LO.wav,1020_IEO_SAD_LO.wav,1020,test,2,sad,1,happy,0.41109898686408997
/Users/prarthanapatel/Desktop/Himanshi/speech_emotion_detection-develop-v2/cremad_preprocessed/audio/1020_IEO_SAD_MD.wav,1020_IEO_SAD_MD.wav,1020,test,2,sad,4,fearful,0.5020356774330139
/Users/prarthanapatel/Desktop/Himanshi/speech_emotion_detection-develop-v2/cremad_preprocessed/audio/1020_IOM_ANG_XX.wav,1020_IOM_ANG_XX.wav,1020,test,3,angry,3,angry,0.974159300327301
/Users/prarthanapatel/Desktop/Himanshi/speech_emotion_detection-develop-v2/cremad_preprocessed/audio/1020_IOM_DIS_XX.wav,1020_IOM_DIS_XX.wav,1020,test,5,disgust,5,disgust,0.8545523881912231
/Users/prarthanapatel/Desktop/Himanshi/speech_emotion_detection-develop-v2/cremad_preprocessed/audio/1020_IOM_FEA_XX.wav,1020_IOM_FEA_XX.wav,1020,test,4,fearful,2,sad,0.39759376645088196
/Users/prarthanapatel/Desktop/Himanshi/speech_emotion_detection-develop-v2/cremad_preprocessed/audio/1020_IOM_HAP_XX.wav,1020_IOM_HAP_XX.wav,1020,test,1,happy,1,happy,0.9536170363426208
/Users/prarthanapatel/Desktop/Himanshi/speech_emotion_detection-develop-v2/cremad_preprocessed/audio/1020_IOM_NEU_XX.wav,1020_IOM_NEU_XX.wav,1020,test,0,neutral,0,neutral,0.954055666923523
/Users/prarthanapatel/Desktop/Himanshi/speech_emotion_detection-develop-v2/cremad_preprocessed/audio/1020_IOM_SAD_XX.wav,1020_IOM_SAD_XX.wav,1020,test,2,sad,2,sad,0.786302924156189
/Users/prarthanapatel/Desktop/Himanshi/speech_emotion_detection-develop-v2/cremad_preprocessed/audio/1020_ITH_ANG_XX.wav,1020_ITH_ANG_XX.wav,1020,test,3,angry,3,angry,0.9396795034408569
/Users/prarthanapatel/Desktop/Himanshi/speech_emotion_detection-develop-v2/cremad_preprocessed/audio/1020_ITH_DIS_XX.wav,1020_ITH_DIS_XX.wav,1020,test,5,disgust,5,disgust,0.9461630582809448
/Users/prarthanapatel/Desktop/Himanshi/speech_emotion_detection-develop-v2/cremad_preprocessed/audio/1020_ITH_FEA_XX.wav,1020_ITH_FEA_XX.wav,1020,test,4,fearful,2,sad,0.48722153902053833
/Users/prarthanapatel/Desktop/Himanshi/speech_emotion_detection-develop-v2/cremad_preprocessed/audio/1020_ITH_HAP_XX.wav,1020_ITH_HAP_XX.wav,1020,test,1,happy,1,happy,0.9512537121772766
/Users/prarthanapatel/Desktop/Himanshi/speech_emotion_detection-develop-v2/cremad_preprocessed/audio/1020_ITH_NEU_XX.wav,1020_ITH_NEU_XX.wav,1020,test,0,neutral,0,neutral,0.8882868885993958
/Users/prarthanapatel/Desktop/Himanshi/speech_emotion_detection-develop-v2/cremad_preprocessed/audio/1020_ITH_SAD_XX.wav,1020_ITH_SAD_XX.wav,1020,test,2,sad,5,disgust,0.5667571425437927
/Users/prarthanapatel/Desktop/Himanshi/speech_emotion_detection-develop-v2/cremad_preprocessed/audio/1020_ITS_ANG_XX.wav,1020_ITS_ANG_XX.wav,1020,test,3,angry,3,angry,0.8844271898269653
/Users/prarthanapatel/Desktop/Himanshi/speech_emotion_detection-develop-v2/cremad_preprocessed/audio/1020_ITS_DIS_XX.wav,1020_ITS_DIS_XX.wav,1020,test,5,disgust,5,disgust,0.9060143232345581
/Users/prarthanapatel/Desktop/Himanshi/speech_emotion_detection-develop-v2/cremad_preprocessed/audio/1020_ITS_FEA_XX.wav,1020_ITS_FEA_XX.wav,1020,test,4,fearful,4,fearful,0.6710363030433655
/Users/prarthanapatel/Desktop/Himanshi/speech_emotion_detection-develop-v2/cremad_preprocessed/audio/1020_ITS_HAP_XX.wav,1020_ITS_HAP_XX.wav,1020,test,1,happy,1,happy,0.871039867401123
/Users/prarthanapatel/Desktop/Himanshi/speech_emotion_detection-develop-v2/cremad_preprocessed/audio/1020_ITS_NEU_XX.wav,1020_ITS_NEU_XX.wav,1020,test,0,neutral,0,neutral,0.9553675651550293
/Users/prarthanapatel/Desktop/Himanshi/speech_emotion_detection-develop-v2/cremad_preprocessed/audio/1020_ITS_SAD_XX.wav,1020_ITS_SAD_XX.wav,1020,test,2,sad,2,sad,0.8085057139396667
/Users/prarthanapatel/Desktop/Himanshi/speech_emotion_detection-develop-v2/cremad_preprocessed/audio/1020_IWL_ANG_XX.wav,1020_IWL_ANG_XX.wav,1020,test,3,angry,3,angry,0.930628776550293
/Users/prarthanapatel/Desktop/Himanshi/speech_emotion_detection-develop-v2/cremad_preprocessed/audio/1020_IWL_DIS_XX.wav,1020_IWL_DIS_XX.wav,1020,test,5,disgust,5,disgust,0.9459531903266907
/Users/prarthanapatel/Desktop/Himanshi/speech_emotion_detection-develop-v2/cremad_preprocessed/audio/1020_IWL_FEA_XX.wav,1020_IWL_FEA_XX.wav,1020,test,4,fearful,5,disgust,0.7138185501098633
/Users/prarthanapatel/Desktop/Himanshi/speech_emotion_detection-develop-v2/cremad_preprocessed/audio/1020_IWL_HAP_XX.wav,1020_IWL_HAP_XX.wav,1020,test,1,happy,1,happy,0.6362037658691406
/Users/prarthanapatel/Desktop/Himanshi/speech_emotion_detection-develop-v2/cremad_preprocessed/audio/1020_IWL_NEU_XX.wav,1020_IWL_NEU_XX.wav,1020,test,0,neutral,0,neutral,0.9448436498641968
/Users/prarthanapatel/Desktop/Himanshi/speech_emotion_detection-develop-v2/cremad_preprocessed/audio/1020_IWL_SAD_XX.wav,1020_IWL_SAD_XX.wav,1020,test,2,sad,2,sad,0.47130048274993896
/Users/prarthanapatel/Desktop/Himanshi/speech_emotion_detection-develop-v2/cremad_preprocessed/audio/1020_IWW_ANG_XX.wav,1020_IWW_ANG_XX.wav,1020,test,3,angry,3,angry,0.8624747395515442
/Users/prarthanapatel/Desktop/Himanshi/speech_emotion_detection-develop-v2/cremad_preprocessed/audio/1020_IWW_DIS_XX.wav,1020_IWW_DIS_XX.wav,1020,test,5,disgust,5,disgust,0.8588065505027771
/Users/prarthanapatel/Desktop/Himanshi/speech_emotion_detection-develop-v2/cremad_preprocessed/audio/1020_IWW_FEA_XX.wav,1020_IWW_FEA_XX.wav,1020,test,4,fearful,4,fearful,0.5552412271499634
/Users/prarthanapatel/Desktop/Himanshi/speech_emotion_detection-develop-v2/cremad_preprocessed/audio/1020_IWW_HAP_XX.wav,1020_IWW_HAP_XX.wav,1020,test,1,happy,1,happy,0.8418899774551392
/Users/prarthanapatel/Desktop/Himanshi/speech_emotion_detection-develop-v2/cremad_preprocessed/audio/1020_IWW_NEU_XX.wav,1020_IWW_NEU_XX.wav,1020,test,0,neutral,0,neutral,0.8868550658226013
/Users/prarthanapatel/Desktop/Himanshi/speech_emotion_detection-develop-v2/cremad_preprocessed/audio/1020_IWW_SAD_XX.wav,1020_IWW_SAD_XX.wav,1020,test,2,sad,2,sad,0.7330472469329834
/Users/prarthanapatel/Desktop/Himanshi/speech_emotion_detection-develop-v2/cremad_preprocessed/audio/1020_MTI_ANG_XX.wav,1020_MTI_ANG_XX.wav,1020,test,3,angry,3,angry,0.6590340733528137
/Users/prarthanapatel/Desktop/Himanshi/speech_emotion_detection-develop-v2/cremad_preprocessed/audio/1020_MTI_DIS_XX.wav,1020_MTI_DIS_XX.wav,1020,test,5,disgust,5,disgust,0.8938736319541931
/Users/prarthanapatel/Desktop/Himanshi/speech_emotion_detection-develop-v2/cremad_preprocessed/audio/1020_MTI_FEA_XX.wav,1020_MTI_FEA_XX.wav,1020,test,4,fearful,4,fearful,0.860368549823761
/Users/prarthanapatel/Desktop/Himanshi/speech_emotion_detection-develop-v2/cremad_preprocessed/audio/1020_MTI_HAP_XX.wav,1020_MTI_HAP_XX.wav,1020,test,1,happy,1,happy,0.9470319747924805
/Users/prarthanapatel/Desktop/Himanshi/speech_emotion_detection-develop-v2/cremad_preprocessed/audio/1020_MTI_NEU_XX.wav,1020_MTI_NEU_XX.wav,1020,test,0,neutral,0,neutral,0.9576999545097351
/Users/prarthanapatel/Desktop/Himanshi/speech_emotion_detection-develop-v2/cremad_preprocessed/audio/1020_MTI_SAD_XX.wav,1020_MTI_SAD_XX.wav,1020,test,2,sad,2,sad,0.7198213338851929
/Users/prarthanapatel/Desktop/Himanshi/speech_emotion_detection-develop-v2/cremad_preprocessed/audio/1020_TAI_ANG_XX.wav,1020_TAI_ANG_XX.wav,1020,test,3,angry,3,angry,0.7587178349494934
/Users/prarthanapatel/Desktop/Himanshi/speech_emotion_detection-develop-v2/cremad_preprocessed/audio/1020_TAI_DIS_XX.wav,1020_TAI_DIS_XX.wav,1020,test,5,disgust,5,disgust,0.9190258979797363
/Users/prarthanapatel/Desktop/Himanshi/speech_emotion_detection-develop-v2/cremad_preprocessed/audio/1020_TAI_FEA_XX.wav,1020_TAI_FEA_XX.wav,1020,test,4,fearful,4,fearful,0.3428831696510315
/Users/prarthanapatel/Desktop/Himanshi/speech_emotion_detection-develop-v2/cremad_preprocessed/audio/1020_TAI_HAP_XX.wav,1020_TAI_HAP_XX.wav,1020,test,1,happy,1,happy,0.9510872960090637
/Users/prarthanapatel/Desktop/Himanshi/speech_emotion_detection-develop-v2/cremad_preprocessed/audio/1020_TAI_NEU_XX.wav,1020_TAI_NEU_XX.wav,1020,test,0,neutral,0,neutral,0.9361283183097839
/Users/prarthanapatel/Desktop/Himanshi/speech_emotion_detection-develop-v2/cremad_preprocessed/audio/1020_TAI_SAD_XX.wav,1020_TAI_SAD_XX.wav,1020,test,2,sad,2,sad,0.7466638088226318
/Users/prarthanapatel/Desktop/Himanshi/speech_emotion_detection-develop-v2/cremad_preprocessed/audio/1020_TIE_ANG_XX.wav,1020_TIE_ANG_XX.wav,1020,test,3,angry,3,angry,0.9542415738105774
/Users/prarthanapatel/Desktop/Himanshi/speech_emotion_detection-develop-v2/cremad_preprocessed/audio/1020_TIE_DIS_XX.wav,1020_TIE_DIS_XX.wav,1020,test,5,disgust,5,disgust,0.927627682685852
/Users/prarthanapatel/Desktop/Himanshi/speech_emotion_detection-develop-v2/cremad_preprocessed/audio/1020_TIE_FEA_XX.wav,1020_TIE_FEA_XX.wav,1020,test,4,fearful,4,fearful,0.49730029702186584
/Users/prarthanapatel/Desktop/Himanshi/speech_emotion_detection-develop-v2/cremad_preprocessed/audio/1020_TIE_HAP_XX.wav,1020_TIE_HAP_XX.wav,1020,test,1,happy,1,happy,0.7720436453819275
/Users/prarthanapatel/Desktop/Himanshi/speech_emotion_detection-develop-v2/cremad_preprocessed/audio/1020_TIE_NEU_XX.wav,1020_TIE_NEU_XX.wav,1020,test,0,neutral,0,neutral,0.40185707807540894
/Users/prarthanapatel/Desktop/Himanshi/speech_emotion_detection-develop-v2/cremad_preprocessed/audio/1020_TIE_SAD_XX.wav,1020_TIE_SAD_XX.wav,1020,test,2,sad,2,sad,0.49403735995292664
/Users/prarthanapatel/Desktop/Himanshi/speech_emotion_detection-develop-v2/cremad_preprocessed/audio/1020_TSI_ANG_XX.wav,1020_TSI_ANG_XX.wav,1020,test,3,angry,3,angry,0.9072688817977905
/Users/prarthanapatel/Desktop/Himanshi/speech_emotion_detection-develop-v2/cremad_preprocessed/audio/1020_TSI_DIS_XX.wav,1020_TSI_DIS_XX.wav,1020,test,5,disgust,5,disgust,0.9286933541297913
/Users/prarthanapatel/Desktop/Himanshi/speech_emotion_detection-develop-v2/cremad_preprocessed/audio/1020_TSI_FEA_XX.wav,1020_TSI_FEA_XX.wav,1020,test,4,fearful,4,fearful,0.7470638751983643
/Users/prarthanapatel/Desktop/Himanshi/speech_emotion_detection-develop-v2/cremad_preprocessed/audio/1020_TSI_HAP_XX.wav,1020_TSI_HAP_XX.wav,1020,test,1,happy,1,happy,0.7629489898681641
/Users/prarthanapatel/Desktop/Himanshi/speech_emotion_detection-develop-v2/cremad_preprocessed/audio/1020_TSI_NEU_XX.wav,1020_TSI_NEU_XX.wav,1020,test,0,neutral,0,neutral,0.7989107370376587
/Users/prarthanapatel/Desktop/Himanshi/speech_emotion_detection-develop-v2/cremad_preprocessed/audio/1020_TSI_SAD_XX.wav,1020_TSI_SAD_XX.wav,1020,test,2,sad,2,sad,0.6297592520713806
/Users/prarthanapatel/Desktop/Himanshi/speech_emotion_detection-develop-v2/cremad_preprocessed/audio/1020_WSI_ANG_XX.wav,1020_WSI_ANG_XX.wav,1020,test,3,angry,3,angry,0.9569385051727295
/Users/prarthanapatel/Desktop/Himanshi/speech_emotion_detection-develop-v2/cremad_preprocessed/audio/1020_WSI_DIS_XX.wav,1020_WSI_DIS_XX.wav,1020,test,5,disgust,5,disgust,0.9436677694320679
/Users/prarthanapatel/Desktop/Himanshi/speech_emotion_detection-develop-v2/cremad_preprocessed/audio/1020_WSI_FEA_XX.wav,1020_WSI_FEA_XX.wav,1020,test,4,fearful,4,fearful,0.868545413017273
/Users/prarthanapatel/Desktop/Himanshi/speech_emotion_detection-develop-v2/cremad_preprocessed/audio/1020_WSI_HAP_XX.wav,1020_WSI_HAP_XX.wav,1020,test,1,happy,1,happy,0.9603382349014282
/Users/prarthanapatel/Desktop/Himanshi/speech_emotion_detection-develop-v2/cremad_preprocessed/audio/1020_WSI_NEU_XX.wav,1020_WSI_NEU_XX.wav,1020,test,0,neutral,0,neutral,0.6139853596687317
/Users/prarthanapatel/Desktop/Himanshi/speech_emotion_detection-develop-v2/cremad_preprocessed/audio/1020_WSI_SAD_XX.wav,1020_WSI_SAD_XX.wav,1020,test,2,sad,2,sad,0.8682066798210144
/Users/prarthanapatel/Desktop/Himanshi/speech_emotion_detection-develop-v2/cremad_preprocessed/audio/1036_DFA_ANG_XX.wav,1036_DFA_ANG_XX.wav,1036,test,3,angry,3,angry,0.9507946372032166
/Users/prarthanapatel/Desktop/Himanshi/speech_emotion_detection-develop-v2/cremad_preprocessed/audio/1036_DFA_DIS_XX.wav,1036_DFA_DIS_XX.wav,1036,test,5,disgust,3,angry,0.38770362734794617
/Users/prarthanapatel/Desktop/Himanshi/speech_emotion_detection-develop-v2/cremad_preprocessed/audio/1036_DFA_FEA_XX.wav,1036_DFA_FEA_XX.wav,1036,test,4,fearful,4,fearful,0.920020580291748
/Users/prarthanapatel/Desktop/Himanshi/speech_emotion_detection-develop-v2/cremad_preprocessed/audio/1036_DFA_HAP_XX.wav,1036_DFA_HAP_XX.wav,1036,test,1,happy,4,fearful,0.7387518286705017
/Users/prarthanapatel/Desktop/Himanshi/speech_emotion_detection-develop-v2/cremad_preprocessed/audio/1036_DFA_NEU_XX.wav,1036_DFA_NEU_XX.wav,1036,test,0,neutral,1,happy,0.5639569163322449
/Users/prarthanapatel/Desktop/Himanshi/speech_emotion_detection-develop-v2/cremad_preprocessed/audio/1036_DFA_SAD_XX.wav,1036_DFA_SAD_XX.wav,1036,test,2,sad,4,fearful,0.8307353258132935
/Users/prarthanapatel/Desktop/Himanshi/speech_emotion_detection-develop-v2/cremad_preprocessed/audio/1036_IEO_ANG_HI.wav,1036_IEO_ANG_HI.wav,1036,test,3,angry,3,angry,0.9636294841766357
/Users/prarthanapatel/Desktop/Himanshi/speech_emotion_detection-develop-v2/cremad_preprocessed/audio/1036_IEO_ANG_LO.wav,1036_IEO_ANG_LO.wav,1036,test,3,angry,1,happy,0.7105808258056641
/Users/prarthanapatel/Desktop/Himanshi/speech_emotion_detection-develop-v2/cremad_preprocessed/audio/1036_IEO_ANG_MD.wav,1036_IEO_ANG_MD.wav,1036,test,3,angry,3,angry,0.3821919858455658
/Users/prarthanapatel/Desktop/Himanshi/speech_emotion_detection-develop-v2/cremad_preprocessed/audio/1036_IEO_DIS_HI.wav,1036_IEO_DIS_HI.wav,1036,test,5,disgust,5,disgust,0.8264614939689636
/Users/prarthanapatel/Desktop/Himanshi/speech_emotion_detection-develop-v2/cremad_preprocessed/audio/1036_IEO_DIS_LO.wav,1036_IEO_DIS_LO.wav,1036,test,5,disgust,5,disgust,0.6043391823768616
/Users/prarthanapatel/Desktop/Himanshi/speech_emotion_detection-develop-v2/cremad_preprocessed/audio/1036_IEO_DIS_MD.wav,1036_IEO_DIS_MD.wav,1036,test,5,disgust,5,disgust,0.6233824491500854
/Users/prarthanapatel/Desktop/Himanshi/speech_emotion_detection-develop-v2/cremad_preprocessed/audio/1036_IEO_FEA_HI.wav,1036_IEO_FEA_HI.wav,1036,test,4,fearful,4,fearful,0.8395488858222961
/Users/prarthanapatel/Desktop/Himanshi/speech_emotion_detection-develop-v2/cremad_preprocessed/audio/1036_IEO_FEA_LO.wav,1036_IEO_FEA_LO.wav,1036,test,4,fearful,4,fearful,0.908921480178833
/Users/prarthanapatel/Desktop/Himanshi/speech_emotion_detection-develop-v2/cremad_preprocessed/audio/1036_IEO_FEA_MD.wav,1036_IEO_FEA_MD.wav,1036,test,4,fearful,4,fearful,0.8496353030204773
/Users/prarthanapatel/Desktop/Himanshi/speech_emotion_detection-develop-v2/cremad_preprocessed/audio/1036_IEO_HAP_HI.wav,1036_IEO_HAP_HI.wav,1036,test,1,happy,3,angry,0.6844683885574341
/Users/prarthanapatel/Desktop/Himanshi/speech_emotion_detection-develop-v2/cremad_preprocessed/audio/1036_IEO_HAP_LO.wav,1036_IEO_HAP_LO.wav,1036,test,1,happy,1,happy,0.8764124512672424
/Users/prarthanapatel/Desktop/Himanshi/speech_emotion_detection-develop-v2/cremad_preprocessed/audio/1036_IEO_HAP_MD.wav,1036_IEO_HAP_MD.wav,1036,test,1,happy,1,happy,0.5335330963134766
/Users/prarthanapatel/Desktop/Himanshi/speech_emotion_detection-develop-v2/cremad_preprocessed/audio/1036_IEO_NEU_XX.wav,1036_IEO_NEU_XX.wav,1036,test,0,neutral,0,neutral,0.4417118430137634
/Users/prarthanapatel/Desktop/Himanshi/speech_emotion_detection-develop-v2/cremad_preprocessed/audio/1036_IEO_SAD_HI.wav,1036_IEO_SAD_HI.wav,1036,test,2,sad,4,fearful,0.43187636137008667
/Users/prarthanapatel/Desktop/Himanshi/speech_emotion_detection-develop-v2/cremad_preprocessed/audio/1036_IEO_SAD_LO.wav,1036_IEO_SAD_LO.wav,1036,test,2,sad,5,disgust,0.3371783494949341
/Users/prarthanapatel/Desktop/Himanshi/speech_emotion_detection-develop-v2/cremad_preprocessed/audio/1036_IEO_SAD_MD.wav,1036_IEO_SAD_MD.wav,1036,test,2,sad,5,disgust,0.6576062440872192
/Users/prarthanapatel/Desktop/Himanshi/speech_emotion_detection-develop-v2/cremad_preprocessed/audio/1036_IOM_ANG_XX.wav,1036_IOM_ANG_XX.wav,1036,test,3,angry,5,disgust,0.8443201780319214
/Users/prarthanapatel/Desktop/Himanshi/speech_emotion_detection-develop-v2/cremad_preprocessed/audio/1036_IOM_DIS_XX.wav,1036_IOM_DIS_XX.wav,1036,test,5,disgust,5,disgust,0.8052830696105957
/Users/prarthanapatel/Desktop/Himanshi/speech_emotion_detection-develop-v2/cremad_preprocessed/audio/1036_IOM_FEA_XX.wav,1036_IOM_FEA_XX.wav,1036,test,4,fearful,4,fearful,0.7760095596313477
/Users/prarthanapatel/Desktop/Himanshi/speech_emotion_detection-develop-v2/cremad_preprocessed/audio/1036_IOM_HAP_XX.wav,1036_IOM_HAP_XX.wav,1036,test,1,happy,0,neutral,0.37192922830581665
/Users/prarthanapatel/Desktop/Himanshi/speech_emotion_detection-develop-v2/cremad_preprocessed/audio/1036_IOM_NEU_XX.wav,1036_IOM_NEU_XX.wav,1036,test,0,neutral,0,neutral,0.5216172337532043
/Users/prarthanapatel/Desktop/Himanshi/speech_emotion_detection-develop-v2/cremad_preprocessed/audio/1036_IOM_SAD_XX.wav,1036_IOM_SAD_XX.wav,1036,test,2,sad,2,sad,0.5048743486404419
/Users/prarthanapatel/Desktop/Himanshi/speech_emotion_detection-develop-v2/cremad_preprocessed/audio/1036_ITH_ANG_XX.wav,1036_ITH_ANG_XX.wav,1036,test,3,angry,3,angry,0.9316540360450745
/Users/prarthanapatel/Desktop/Himanshi/speech_emotion_detection-develop-v2/cremad_preprocessed/audio/1036_ITH_DIS_XX.wav,1036_ITH_DIS_XX.wav,1036,test,5,disgust,3,angry,0.5551787614822388
/Users/prarthanapatel/Desktop/Himanshi/speech_emotion_detection-develop-v2/cremad_preprocessed/audio/1036_ITH_FEA_XX.wav,1036_ITH_FEA_XX.wav,1036,test,4,fearful,4,fearful,0.81215900182724
/Users/prarthanapatel/Desktop/Himanshi/speech_emotion_detection-develop-v2/cremad_preprocessed/audio/1036_ITH_HAP_XX.wav,1036_ITH_HAP_XX.wav,1036,test,1,happy,3,angry,0.9500777721405029
/Users/prarthanapatel/Desktop/Himanshi/speech_emotion_detection-develop-v2/cremad_preprocessed/audio/1036_ITH_NEU_XX.wav,1036_ITH_NEU_XX.wav,1036,test,0,neutral,5,disgust,0.428826242685318
/Users/prarthanapatel/Desktop/Himanshi/speech_emotion_detection-develop-v2/cremad_preprocessed/audio/1036_ITH_SAD_XX.wav,1036_ITH_SAD_XX.wav,1036,test,2,sad,5,disgust,0.3957633674144745
/Users/prarthanapatel/Desktop/Himanshi/speech_emotion_detection-develop-v2/cremad_preprocessed/audio/1036_ITS_ANG_XX.wav,1036_ITS_ANG_XX.wav,1036,test,3,angry,3,angry,0.9833023548126221
/Users/prarthanapatel/Desktop/Himanshi/speech_emotion_detection-develop-v2/cremad_preprocessed/audio/1036_ITS_DIS_XX.wav,1036_ITS_DIS_XX.wav,1036,test,5,disgust,1,happy,0.5792132616043091
/Users/prarthanapatel/Desktop/Himanshi/speech_emotion_detection-develop-v2/cremad_preprocessed/audio/1036_ITS_FEA_XX.wav,1036_ITS_FEA_XX.wav,1036,test,4,fearful,4,fearful,0.6318446397781372
/Users/prarthanapatel/Desktop/Himanshi/speech_emotion_detection-develop-v2/cremad_preprocessed/audio/1036_ITS_HAP_XX.wav,1036_ITS_HAP_XX.wav,1036,test,1,happy,3,angry,0.7032718658447266
/Users/prarthanapatel/Desktop/Himanshi/speech_emotion_detection-develop-v2/cremad_preprocessed/audio/1036_ITS_NEU_XX.wav,1036_ITS_NEU_XX.wav,1036,test,0,neutral,1,happy,0.7347416877746582
/Users/prarthanapatel/Desktop/Himanshi/speech_emotion_detection-develop-v2/cremad_preprocessed/audio/1036_ITS_SAD_XX.wav,1036_ITS_SAD_XX.wav,1036,test,2,sad,4,fearful,0.5029325485229492
/Users/prarthanapatel/Desktop/Himanshi/speech_emotion_detection-develop-v2/cremad_preprocessed/audio/1036_IWL_ANG_XX.wav,1036_IWL_ANG_XX.wav,1036,test,3,angry,3,angry,0.8895735740661621
/Users/prarthanapatel/Desktop/Himanshi/speech_emotion_detection-develop-v2/cremad_preprocessed/audio/1036_IWL_DIS_XX.wav,1036_IWL_DIS_XX.wav,1036,test,5,disgust,5,disgust,0.7323629260063171
/Users/prarthanapatel/Desktop/Himanshi/speech_emotion_detection-develop-v2/cremad_preprocessed/audio/1036_IWL_FEA_XX.wav,1036_IWL_FEA_XX.wav,1036,test,4,fearful,4,fearful,0.8595881462097168
/Users/prarthanapatel/Desktop/Himanshi/speech_emotion_detection-develop-v2/cremad_preprocessed/audio/1036_IWL_HAP_XX.wav,1036_IWL_HAP_XX.wav,1036,test,1,happy,3,angry,0.5845766663551331
/Users/prarthanapatel/Desktop/Himanshi/speech_emotion_detection-develop-v2/cremad_preprocessed/audio/1036_IWL_NEU_XX.wav,1036_IWL_NEU_XX.wav,1036,test,0,neutral,5,disgust,0.35200047492980957
/Users/prarthanapatel/Desktop/Himanshi/speech_emotion_detection-develop-v2/cremad_preprocessed/audio/1036_IWL_SAD_XX.wav,1036_IWL_SAD_XX.wav,1036,test,2,sad,1,happy,0.45270365476608276
/Users/prarthanapatel/Desktop/Himanshi/speech_emotion_detection-develop-v2/cremad_preprocessed/audio/1036_IWW_ANG_XX.wav,1036_IWW_ANG_XX.wav,1036,test,3,angry,3,angry,0.6362202167510986
/Users/prarthanapatel/Desktop/Himanshi/speech_emotion_detection-develop-v2/cremad_preprocessed/audio/1036_IWW_DIS_XX.wav,1036_IWW_DIS_XX.wav,1036,test,5,disgust,5,disgust,0.8972993493080139
/Users/prarthanapatel/Desktop/Himanshi/speech_emotion_detection-develop-v2/cremad_preprocessed/audio/1036_IWW_FEA_XX.wav,1036_IWW_FEA_XX.wav,1036,test,4,fearful,4,fearful,0.8122098445892334
/Users/prarthanapatel/Desktop/Himanshi/speech_emotion_detection-develop-v2/cremad_preprocessed/audio/1036_IWW_HAP_XX.wav,1036_IWW_HAP_XX.wav,1036,test,1,happy,3,angry,0.9792787432670593
/Users/prarthanapatel/Desktop/Himanshi/speech_emotion_detection-develop-v2/cremad_preprocessed/audio/1036_IWW_NEU_XX.wav,1036_IWW_NEU_XX.wav,1036,test,0,neutral,2,sad,0.6400337815284729
/Users/prarthanapatel/Desktop/Himanshi/speech_emotion_detection-develop-v2/cremad_preprocessed/audio/1036_IWW_SAD_XX.wav,1036_IWW_SAD_XX.wav,1036,test,2,sad,4,fearful,0.6011927723884583
/Users/prarthanapatel/Desktop/Himanshi/speech_emotion_detection-develop-v2/cremad_preprocessed/audio/1036_MTI_ANG_XX.wav,1036_MTI_ANG_XX.wav,1036,test,3,angry,3,angry,0.9642916321754456
/Users/prarthanapatel/Desktop/Himanshi/speech_emotion_detection-develop-v2/cremad_preprocessed/audio/1036_MTI_DIS_XX.wav,1036_MTI_DIS_XX.wav,1036,test,5,disgust,5,disgust,0.8640918135643005
/Users/prarthanapatel/Desktop/Himanshi/speech_emotion_detection-develop-v2/cremad_preprocessed/audio/1036_MTI_FEA_XX.wav,1036_MTI_FEA_XX.wav,1036,test,4,fearful,4,fearful,0.6523845791816711
/Users/prarthanapatel/Desktop/Himanshi/speech_emotion_detection-develop-v2/cremad_preprocessed/audio/1036_MTI_HAP_XX.wav,1036_MTI_HAP_XX.wav,1036,test,1,happy,4,fearful,0.7663719058036804
/Users/prarthanapatel/Desktop/Himanshi/speech_emotion_detection-develop-v2/cremad_preprocessed/audio/1036_MTI_NEU_XX.wav,1036_MTI_NEU_XX.wav,1036,test,0,neutral,2,sad,0.4256496727466583
/Users/prarthanapatel/Desktop/Himanshi/speech_emotion_detection-develop-v2/cremad_preprocessed/audio/1036_MTI_SAD_XX.wav,1036_MTI_SAD_XX.wav,1036,test,2,sad,4,fearful,0.503423810005188
/Users/prarthanapatel/Desktop/Himanshi/speech_emotion_detection-develop-v2/cremad_preprocessed/audio/1036_TAI_ANG_XX.wav,1036_TAI_ANG_XX.wav,1036,test,3,angry,3,angry,0.9636820554733276
/Users/prarthanapatel/Desktop/Himanshi/speech_emotion_detection-develop-v2/cremad_preprocessed/audio/1036_TAI_DIS_XX.wav,1036_TAI_DIS_XX.wav,1036,test,5,disgust,5,disgust,0.926095187664032
/Users/prarthanapatel/Desktop/Himanshi/speech_emotion_detection-develop-v2/cremad_preprocessed/audio/1036_TAI_FEA_XX.wav,1036_TAI_FEA_XX.wav,1036,test,4,fearful,4,fearful,0.512419581413269
/Users/prarthanapatel/Desktop/Himanshi/speech_emotion_detection-develop-v2/cremad_preprocessed/audio/1036_TAI_HAP_XX.wav,1036_TAI_HAP_XX.wav,1036,test,1,happy,5,disgust,0.48690444231033325
/Users/prarthanapatel/Desktop/Himanshi/speech_emotion_detection-develop-v2/cremad_preprocessed/audio/1036_TAI_NEU_XX.wav,1036_TAI_NEU_XX.wav,1036,test,0,neutral,0,neutral,0.7802938222885132
/Users/prarthanapatel/Desktop/Himanshi/speech_emotion_detection-develop-v2/cremad_preprocessed/audio/1036_TAI_SAD_XX.wav,1036_TAI_SAD_XX.wav,1036,test,2,sad,2,sad,0.3873862326145172
/Users/prarthanapatel/Desktop/Himanshi/speech_emotion_detection-develop-v2/cremad_preprocessed/audio/1036_TIE_ANG_XX.wav,1036_TIE_ANG_XX.wav,1036,test,3,angry,5,disgust,0.7656959295272827
/Users/prarthanapatel/Desktop/Himanshi/speech_emotion_detection-develop-v2/cremad_preprocessed/audio/1036_TIE_DIS_XX.wav,1036_TIE_DIS_XX.wav,1036,test,5,disgust,5,disgust,0.661008358001709
/Users/prarthanapatel/Desktop/Himanshi/speech_emotion_detection-develop-v2/cremad_preprocessed/audio/1036_TIE_FEA_XX.wav,1036_TIE_FEA_XX.wav,1036,test,4,fearful,4,fearful,0.3950580656528473
/Users/prarthanapatel/Desktop/Himanshi/speech_emotion_detection-develop-v2/cremad_preprocessed/audio/1036_TIE_HAP_XX.wav,1036_TIE_HAP_XX.wav,1036,test,1,happy,1,happy,0.6194733381271362
/Users/prarthanapatel/Desktop/Himanshi/speech_emotion_detection-develop-v2/cremad_preprocessed/audio/1036_TIE_NEU_XX.wav,1036_TIE_NEU_XX.wav,1036,test,0,neutral,0,neutral,0.37870389223098755
/Users/prarthanapatel/Desktop/Himanshi/speech_emotion_detection-develop-v2/cremad_preprocessed/audio/1036_TIE_SAD_XX.wav,1036_TIE_SAD_XX.wav,1036,test,2,sad,2,sad,0.6394436359405518
/Users/prarthanapatel/Desktop/Himanshi/speech_emotion_detection-develop-v2/cremad_preprocessed/audio/1036_TSI_ANG_XX.wav,1036_TSI_ANG_XX.wav,1036,test,3,angry,3,angry,0.9598119854927063
/Users/prarthanapatel/Desktop/Himanshi/speech_emotion_detection-develop-v2/cremad_preprocessed/audio/1036_TSI_DIS_XX.wav,1036_TSI_DIS_XX.wav,1036,test,5,disgust,5,disgust,0.4329959452152252
/Users/prarthanapatel/Desktop/Himanshi/speech_emotion_detection-develop-v2/cremad_preprocessed/audio/1036_TSI_FEA_XX.wav,1036_TSI_FEA_XX.wav,1036,test,4,fearful,4,fearful,0.9049665331840515
/Users/prarthanapatel/Desktop/Himanshi/speech_emotion_detection-develop-v2/cremad_preprocessed/audio/1036_TSI_HAP_XX.wav,1036_TSI_HAP_XX.wav,1036,test,1,happy,1,happy,0.5462210774421692
/Users/prarthanapatel/Desktop/Himanshi/speech_emotion_detection-develop-v2/cremad_preprocessed/audio/1036_TSI_NEU_XX.wav,1036_TSI_NEU_XX.wav,1036,test,0,neutral,0,neutral,0.685897946357727
/Users/prarthanapatel/Desktop/Himanshi/speech_emotion_detection-develop-v2/cremad_preprocessed/audio/1036_TSI_SAD_XX.wav,1036_TSI_SAD_XX.wav,1036,test,2,sad,4,fearful,0.6957711577415466
/Users/prarthanapatel/Desktop/Himanshi/speech_emotion_detection-develop-v2/cremad_preprocessed/audio/1036_WSI_ANG_XX.wav,1036_WSI_ANG_XX.wav,1036,test,3,angry,3,angry,0.974947452545166
/Users/prarthanapatel/Desktop/Himanshi/speech_emotion_detection-develop-v2/cremad_preprocessed/audio/1036_WSI_DIS_XX.wav,1036_WSI_DIS_XX.wav,1036,test,5,disgust,5,disgust,0.5418190360069275
/Users/prarthanapatel/Desktop/Himanshi/speech_emotion_detection-develop-v2/cremad_preprocessed/audio/1036_WSI_FEA_XX.wav,1036_WSI_FEA_XX.wav,1036,test,4,fearful,4,fearful,0.9077562093734741
/Users/prarthanapatel/Desktop/Himanshi/speech_emotion_detection-develop-v2/cremad_preprocessed/audio/1036_WSI_HAP_XX.wav,1036_WSI_HAP_XX.wav,1036,test,1,happy,3,angry,0.958551287651062
/Users/prarthanapatel/Desktop/Himanshi/speech_emotion_detection-develop-v2/cremad_preprocessed/audio/1036_WSI_NEU_XX.wav,1036_WSI_NEU_XX.wav,1036,test,0,neutral,0,neutral,0.8898679614067078
/Users/prarthanapatel/Desktop/Himanshi/speech_emotion_detection-develop-v2/cremad_preprocessed/audio/1036_WSI_SAD_XX.wav,1036_WSI_SAD_XX.wav,1036,test,2,sad,4,fearful,0.685350239276886
/Users/prarthanapatel/Desktop/Himanshi/speech_emotion_detection-develop-v2/cremad_preprocessed/audio/1037_DFA_ANG_XX.wav,1037_DFA_ANG_XX.wav,1037,test,3,angry,3,angry,0.9058144092559814
/Users/prarthanapatel/Desktop/Himanshi/speech_emotion_detection-develop-v2/cremad_preprocessed/audio/1037_DFA_DIS_XX.wav,1037_DFA_DIS_XX.wav,1037,test,5,disgust,5,disgust,0.7934379577636719
/Users/prarthanapatel/Desktop/Himanshi/speech_emotion_detection-develop-v2/cremad_preprocessed/audio/1037_DFA_FEA_XX.wav,1037_DFA_FEA_XX.wav,1037,test,4,fearful,4,fearful,0.4738710820674896
/Users/prarthanapatel/Desktop/Himanshi/speech_emotion_detection-develop-v2/cremad_preprocessed/audio/1037_DFA_HAP_XX.wav,1037_DFA_HAP_XX.wav,1037,test,1,happy,1,happy,0.9537255764007568
/Users/prarthanapatel/Desktop/Himanshi/speech_emotion_detection-develop-v2/cremad_preprocessed/audio/1037_DFA_NEU_XX.wav,1037_DFA_NEU_XX.wav,1037,test,0,neutral,0,neutral,0.9532338380813599
/Users/prarthanapatel/Desktop/Himanshi/speech_emotion_detection-develop-v2/cremad_preprocessed/audio/1037_DFA_SAD_XX.wav,1037_DFA_SAD_XX.wav,1037,test,2,sad,2,sad,0.7853498458862305
/Users/prarthanapatel/Desktop/Himanshi/speech_emotion_detection-develop-v2/cremad_preprocessed/audio/1037_IEO_ANG_HI.wav,1037_IEO_ANG_HI.wav,1037,test,3,angry,3,angry,0.9801580309867859
/Users/prarthanapatel/Desktop/Himanshi/speech_emotion_detection-develop-v2/cremad_preprocessed/audio/1037_IEO_ANG_LO.wav,1037_IEO_ANG_LO.wav,1037,test,3,angry,3,angry,0.9494122266769409
/Users/prarthanapatel/Desktop/Himanshi/speech_emotion_detection-develop-v2/cremad_preprocessed/audio/1037_IEO_ANG_MD.wav,1037_IEO_ANG_MD.wav,1037,test,3,angry,3,angry,0.9826546907424927
/Users/prarthanapatel/Desktop/Himanshi/speech_emotion_detection-develop-v2/cremad_preprocessed/audio/1037_IEO_DIS_HI.wav,1037_IEO_DIS_HI.wav,1037,test,5,disgust,5,disgust,0.84786456823349
/Users/prarthanapatel/Desktop/Himanshi/speech_emotion_detection-develop-v2/cremad_preprocessed/audio/1037_IEO_DIS_LO.wav,1037_IEO_DIS_LO.wav,1037,test,5,disgust,5,disgust,0.6631096005439758
/Users/prarthanapatel/Desktop/Himanshi/speech_emotion_detection-develop-v2/cremad_preprocessed/audio/1037_IEO_DIS_MD.wav,1037_IEO_DIS_MD.wav,1037,test,5,disgust,5,disgust,0.8528956174850464
/Users/prarthanapatel/Desktop/Himanshi/speech_emotion_detection-develop-v2/cremad_preprocessed/audio/1037_IEO_FEA_HI.wav,1037_IEO_FEA_HI.wav,1037,test,4,fearful,4,fearful,0.8684125542640686
/Users/prarthanapatel/Desktop/Himanshi/speech_emotion_detection-develop-v2/cremad_preprocessed/audio/1037_IEO_FEA_LO.wav,1037_IEO_FEA_LO.wav,1037,test,4,fearful,4,fearful,0.4522968828678131
/Users/prarthanapatel/Desktop/Himanshi/speech_emotion_detection-develop-v2/cremad_preprocessed/audio/1037_IEO_FEA_MD.wav,1037_IEO_FEA_MD.wav,1037,test,4,fearful,2,sad,0.5090341567993164
/Users/prarthanapatel/Desktop/Himanshi/speech_emotion_detection-develop-v2/cremad_preprocessed/audio/1037_IEO_HAP_HI.wav,1037_IEO_HAP_HI.wav,1037,test,1,happy,1,happy,0.7735911011695862
/Users/prarthanapatel/Desktop/Himanshi/speech_emotion_detection-develop-v2/cremad_preprocessed/audio/1037_IEO_HAP_LO.wav,1037_IEO_HAP_LO.wav,1037,test,1,happy,0,neutral,0.6628876328468323
/Users/prarthanapatel/Desktop/Himanshi/speech_emotion_detection-develop-v2/cremad_preprocessed/audio/1037_IEO_HAP_MD.wav,1037_IEO_HAP_MD.wav,1037,test,1,happy,0,neutral,0.5253514647483826
/Users/prarthanapatel/Desktop/Himanshi/speech_emotion_detection-develop-v2/cremad_preprocessed/audio/1037_IEO_NEU_XX.wav,1037_IEO_NEU_XX.wav,1037,test,0,neutral,0,neutral,0.7862634658813477
/Users/prarthanapatel/Desktop/Himanshi/speech_emotion_detection-develop-v2/cremad_preprocessed/audio/1037_IEO_SAD_HI.wav,1037_IEO_SAD_HI.wav,1037,test,2,sad,2,sad,0.7207930684089661
/Users/prarthanapatel/Desktop/Himanshi/speech_emotion_detection-develop-v2/cremad_preprocessed/audio/1037_IEO_SAD_LO.wav,1037_IEO_SAD_LO.wav,1037,test,2,sad,2,sad,0.8189449310302734
/Users/prarthanapatel/Desktop/Himanshi/speech_emotion_detection-develop-v2/cremad_preprocessed/audio/1037_IEO_SAD_MD.wav,1037_IEO_SAD_MD.wav,1037,test,2,sad,2,sad,0.543132483959198
/Users/prarthanapatel/Desktop/Himanshi/speech_emotion_detection-develop-v2/cremad_preprocessed/audio/1037_IOM_ANG_XX.wav,1037_IOM_ANG_XX.wav,1037,test,3,angry,3,angry,0.9839409589767456
/Users/prarthanapatel/Desktop/Himanshi/speech_emotion_detection-develop-v2/cremad_preprocessed/audio/1037_IOM_DIS_XX.wav,1037_IOM_DIS_XX.wav,1037,test,5,disgust,5,disgust,0.7998666763305664
/Users/prarthanapatel/Desktop/Himanshi/speech_emotion_detection-develop-v2/cremad_preprocessed/audio/1037_IOM_FEA_XX.wav,1037_IOM_FEA_XX.wav,1037,test,4,fearful,4,fearful,0.5830901861190796
/Users/prarthanapatel/Desktop/Himanshi/speech_emotion_detection-develop-v2/cremad_preprocessed/audio/1037_IOM_HAP_XX.wav,1037_IOM_HAP_XX.wav,1037,test,1,happy,1,happy,0.9057250022888184
/Users/prarthanapatel/Desktop/Himanshi/speech_emotion_detection-develop-v2/cremad_preprocessed/audio/1037_IOM_NEU_XX.wav,1037_IOM_NEU_XX.wav,1037,test,0,neutral,0,neutral,0.9682942032814026
/Users/prarthanapatel/Desktop/Himanshi/speech_emotion_detection-develop-v2/cremad_preprocessed/audio/1037_IOM_SAD_XX.wav,1037_IOM_SAD_XX.wav,1037,test,2,sad,2,sad,0.7014299035072327
/Users/prarthanapatel/Desktop/Himanshi/speech_emotion_detection-develop-v2/cremad_preprocessed/audio/1037_ITH_ANG_XX.wav,1037_ITH_ANG_XX.wav,1037,test,3,angry,3,angry,0.9825347661972046
/Users/prarthanapatel/Desktop/Himanshi/speech_emotion_detection-develop-v2/cremad_preprocessed/audio/1037_ITH_DIS_XX.wav,1037_ITH_DIS_XX.wav,1037,test,5,disgust,5,disgust,0.8294063210487366
/Users/prarthanapatel/Desktop/Himanshi/speech_emotion_detection-develop-v2/cremad_preprocessed/audio/1037_ITH_FEA_XX.wav,1037_ITH_FEA_XX.wav,1037,test,4,fearful,4,fearful,0.9005361795425415
/Users/prarthanapatel/Desktop/Himanshi/speech_emotion_detection-develop-v2/cremad_preprocessed/audio/1037_ITH_HAP_XX.wav,1037_ITH_HAP_XX.wav,1037,test,1,happy,1,happy,0.9618027210235596
/Users/prarthanapatel/Desktop/Himanshi/speech_emotion_detection-develop-v2/cremad_preprocessed/audio/1037_ITH_NEU_XX.wav,1037_ITH_NEU_XX.wav,1037,test,0,neutral,0,neutral,0.892558217048645
/Users/prarthanapatel/Desktop/Himanshi/speech_emotion_detection-develop-v2/cremad_preprocessed/audio/1037_ITH_SAD_XX.wav,1037_ITH_SAD_XX.wav,1037,test,2,sad,2,sad,0.5686014294624329
/Users/prarthanapatel/Desktop/Himanshi/speech_emotion_detection-develop-v2/cremad_preprocessed/audio/1037_ITS_ANG_XX.wav,1037_ITS_ANG_XX.wav,1037,test,3,angry,3,angry,0.9820700883865356
/Users/prarthanapatel/Desktop/Himanshi/speech_emotion_detection-develop-v2/cremad_preprocessed/audio/1037_ITS_DIS_XX.wav,1037_ITS_DIS_XX.wav,1037,test,5,disgust,5,disgust,0.811474621295929
/Users/prarthanapatel/Desktop/Himanshi/speech_emotion_detection-develop-v2/cremad_preprocessed/audio/1037_ITS_FEA_XX.wav,1037_ITS_FEA_XX.wav,1037,test,4,fearful,4,fearful,0.7763041257858276
/Users/prarthanapatel/Desktop/Himanshi/speech_emotion_detection-develop-v2/cremad_preprocessed/audio/1037_ITS_HAP_XX.wav,1037_ITS_HAP_XX.wav,1037,test,1,happy,4,fearful,0.7101781368255615
/Users/prarthanapatel/Desktop/Himanshi/speech_emotion_detection-develop-v2/cremad_preprocessed/audio/1037_ITS_NEU_XX.wav,1037_ITS_NEU_XX.wav,1037,test,0,neutral,0,neutral,0.9609571695327759
/Users/prarthanapatel/Desktop/Himanshi/speech_emotion_detection-develop-v2/cremad_preprocessed/audio/1037_ITS_SAD_XX.wav,1037_ITS_SAD_XX.wav,1037,test,2,sad,2,sad,0.55744868516922
/Users/prarthanapatel/Desktop/Himanshi/speech_emotion_detection-develop-v2/cremad_preprocessed/audio/1037_IWL_ANG_XX.wav,1037_IWL_ANG_XX.wav,1037,test,3,angry,3,angry,0.9391834139823914
/Users/prarthanapatel/Desktop/Himanshi/speech_emotion_detection-develop-v2/cremad_preprocessed/audio/1037_IWL_DIS_XX.wav,1037_IWL_DIS_XX.wav,1037,test,5,disgust,4,fearful,0.356200248003006
/Users/prarthanapatel/Desktop/Himanshi/speech_emotion_detection-develop-v2/cremad_preprocessed/audio/1037_IWL_FEA_XX.wav,1037_IWL_FEA_XX.wav,1037,test,4,fearful,4,fearful,0.8701490759849548
/Users/prarthanapatel/Desktop/Himanshi/speech_emotion_detection-develop-v2/cremad_preprocessed/audio/1037_IWL_HAP_XX.wav,1037_IWL_HAP_XX.wav,1037,test,1,happy,1,happy,0.7796180248260498
/Users/prarthanapatel/Desktop/Himanshi/speech_emotion_detection-develop-v2/cremad_preprocessed/audio/1037_IWL_NEU_XX.wav,1037_IWL_NEU_XX.wav,1037,test,0,neutral,0,neutral,0.9686918258666992
/Users/prarthanapatel/Desktop/Himanshi/speech_emotion_detection-develop-v2/cremad_preprocessed/audio/1037_IWL_SAD_XX.wav,1037_IWL_SAD_XX.wav,1037,test,2,sad,2,sad,0.4923584759235382
/Users/prarthanapatel/Desktop/Himanshi/speech_emotion_detection-develop-v2/cremad_preprocessed/audio/1037_IWW_ANG_XX.wav,1037_IWW_ANG_XX.wav,1037,test,3,angry,3,angry,0.9849254488945007
/Users/prarthanapatel/Desktop/Himanshi/speech_emotion_detection-develop-v2/cremad_preprocessed/audio/1037_IWW_DIS_XX.wav,1037_IWW_DIS_XX.wav,1037,test,5,disgust,5,disgust,0.6074315905570984
/Users/prarthanapatel/Desktop/Himanshi/speech_emotion_detection-develop-v2/cremad_preprocessed/audio/1037_IWW_FEA_XX.wav,1037_IWW_FEA_XX.wav,1037,test,4,fearful,4,fearful,0.7013065218925476
/Users/prarthanapatel/Desktop/Himanshi/speech_emotion_detection-develop-v2/cremad_preprocessed/audio/1037_IWW_HAP_XX.wav,1037_IWW_HAP_XX.wav,1037,test,1,happy,1,happy,0.8139262199401855
/Users/prarthanapatel/Desktop/Himanshi/speech_emotion_detection-develop-v2/cremad_preprocessed/audio/1037_IWW_NEU_XX.wav,1037_IWW_NEU_XX.wav,1037,test,0,neutral,0,neutral,0.9435176849365234
/Users/prarthanapatel/Desktop/Himanshi/speech_emotion_detection-develop-v2/cremad_preprocessed/audio/1037_IWW_SAD_XX.wav,1037_IWW_SAD_XX.wav,1037,test,2,sad,1,happy,0.3264338970184326
/Users/prarthanapatel/Desktop/Himanshi/speech_emotion_detection-develop-v2/cremad_preprocessed/audio/1037_MTI_ANG_XX.wav,1037_MTI_ANG_XX.wav,1037,test,3,angry,3,angry,0.9759407043457031
/Users/prarthanapatel/Desktop/Himanshi/speech_emotion_detection-develop-v2/cremad_preprocessed/audio/1037_MTI_DIS_XX.wav,1037_MTI_DIS_XX.wav,1037,test,5,disgust,5,disgust,0.7062798738479614
/Users/prarthanapatel/Desktop/Himanshi/speech_emotion_detection-develop-v2/cremad_preprocessed/audio/1037_MTI_FEA_XX.wav,1037_MTI_FEA_XX.wav,1037,test,4,fearful,4,fearful,0.7173269987106323
/Users/prarthanapatel/Desktop/Himanshi/speech_emotion_detection-develop-v2/cremad_preprocessed/audio/1037_MTI_HAP_XX.wav,1037_MTI_HAP_XX.wav,1037,test,1,happy,1,happy,0.8394697308540344
/Users/prarthanapatel/Desktop/Himanshi/speech_emotion_detection-develop-v2/cremad_preprocessed/audio/1037_MTI_NEU_XX.wav,1037_MTI_NEU_XX.wav,1037,test,0,neutral,0,neutral,0.917102575302124
/Users/prarthanapatel/Desktop/Himanshi/speech_emotion_detection-develop-v2/cremad_preprocessed/audio/1037_MTI_SAD_XX.wav,1037_MTI_SAD_XX.wav,1037,test,2,sad,2,sad,0.4146268963813782
/Users/prarthanapatel/Desktop/Himanshi/speech_emotion_detection-develop-v2/cremad_preprocessed/audio/1037_TAI_ANG_XX.wav,1037_TAI_ANG_XX.wav,1037,test,3,angry,3,angry,0.9833822846412659
/Users/prarthanapatel/Desktop/Himanshi/speech_emotion_detection-develop-v2/cremad_preprocessed/audio/1037_TAI_DIS_XX.wav,1037_TAI_DIS_XX.wav,1037,test,5,disgust,2,sad,0.47842153906822205
/Users/prarthanapatel/Desktop/Himanshi/speech_emotion_detection-develop-v2/cremad_preprocessed/audio/1037_TAI_FEA_XX.wav,1037_TAI_FEA_XX.wav,1037,test,4,fearful,4,fearful,0.7661263346672058
/Users/prarthanapatel/Desktop/Himanshi/speech_emotion_detection-develop-v2/cremad_preprocessed/audio/1037_TAI_HAP_XX.wav,1037_TAI_HAP_XX.wav,1037,test,1,happy,1,happy,0.5076946020126343
/Users/prarthanapatel/Desktop/Himanshi/speech_emotion_detection-develop-v2/cremad_preprocessed/audio/1037_TAI_NEU_XX.wav,1037_TAI_NEU_XX.wav,1037,test,0,neutral,0,neutral,0.9360108375549316
/Users/prarthanapatel/Desktop/Himanshi/speech_emotion_detection-develop-v2/cremad_preprocessed/audio/1037_TAI_SAD_XX.wav,1037_TAI_SAD_XX.wav,1037,test,2,sad,4,fearful,0.5393089056015015
/Users/prarthanapatel/Desktop/Himanshi/speech_emotion_detection-develop-v2/cremad_preprocessed/audio/1037_TIE_ANG_XX.wav,1037_TIE_ANG_XX.wav,1037,test,3,angry,3,angry,0.9843936562538147
/Users/prarthanapatel/Desktop/Himanshi/speech_emotion_detection-develop-v2/cremad_preprocessed/audio/1037_TIE_DIS_XX.wav,1037_TIE_DIS_XX.wav,1037,test,5,disgust,5,disgust,0.5227606296539307
/Users/prarthanapatel/Desktop/Himanshi/speech_emotion_detection-develop-v2/cremad_preprocessed/audio/1037_TIE_FEA_XX.wav,1037_TIE_FEA_XX.wav,1037,test,4,fearful,4,fearful,0.6332228183746338
/Users/prarthanapatel/Desktop/Himanshi/speech_emotion_detection-develop-v2/cremad_preprocessed/audio/1037_TIE_HAP_XX.wav,1037_TIE_HAP_XX.wav,1037,test,1,happy,1,happy,0.8381255269050598
/Users/prarthanapatel/Desktop/Himanshi/speech_emotion_detection-develop-v2/cremad_preprocessed/audio/1037_TIE_NEU_XX.wav,1037_TIE_NEU_XX.wav,1037,test,0,neutral,0,neutral,0.9404941201210022
/Users/prarthanapatel/Desktop/Himanshi/speech_emotion_detection-develop-v2/cremad_preprocessed/audio/1037_TIE_SAD_XX.wav,1037_TIE_SAD_XX.wav,1037,test,2,sad,2,sad,0.693119466304779
/Users/prarthanapatel/Desktop/Himanshi/speech_emotion_detection-develop-v2/cremad_preprocessed/audio/1037_TSI_ANG_XX.wav,1037_TSI_ANG_XX.wav,1037,test,3,angry,3,angry,0.982965886592865
/Users/prarthanapatel/Desktop/Himanshi/speech_emotion_detection-develop-v2/cremad_preprocessed/audio/1037_TSI_DIS_XX.wav,1037_TSI_DIS_XX.wav,1037,test,5,disgust,5,disgust,0.8372881412506104
/Users/prarthanapatel/Desktop/Himanshi/speech_emotion_detection-develop-v2/cremad_preprocessed/audio/1037_TSI_FEA_XX.wav,1037_TSI_FEA_XX.wav,1037,test,4,fearful,4,fearful,0.9118856191635132
/Users/prarthanapatel/Desktop/Himanshi/speech_emotion_detection-develop-v2/cremad_preprocessed/audio/1037_TSI_HAP_XX.wav,1037_TSI_HAP_XX.wav,1037,test,1,happy,1,happy,0.8478110432624817
/Users/prarthanapatel/Desktop/Himanshi/speech_emotion_detection-develop-v2/cremad_preprocessed/audio/1037_TSI_NEU_XX.wav,1037_TSI_NEU_XX.wav,1037,test,0,neutral,0,neutral,0.9463208913803101
/Users/prarthanapatel/Desktop/Himanshi/speech_emotion_detection-develop-v2/cremad_preprocessed/audio/1037_TSI_SAD_XX.wav,1037_TSI_SAD_XX.wav,1037,test,2,sad,2,sad,0.8197462558746338
/Users/prarthanapatel/Desktop/Himanshi/speech_emotion_detection-develop-v2/cremad_preprocessed/audio/1037_WSI_ANG_XX.wav,1037_WSI_ANG_XX.wav,1037,test,3,angry,3,angry,0.8259271383285522
/Users/prarthanapatel/Desktop/Himanshi/speech_emotion_detection-develop-v2/cremad_preprocessed/audio/1037_WSI_DIS_XX.wav,1037_WSI_DIS_XX.wav,1037,test,5,disgust,2,sad,0.5384827852249146
/Users/prarthanapatel/Desktop/Himanshi/speech_emotion_detection-develop-v2/cremad_preprocessed/audio/1037_WSI_FEA_XX.wav,1037_WSI_FEA_XX.wav,1037,test,4,fearful,4,fearful,0.9118175506591797
/Users/prarthanapatel/Desktop/Himanshi/speech_emotion_detection-develop-v2/cremad_preprocessed/audio/1037_WSI_HAP_XX.wav,1037_WSI_HAP_XX.wav,1037,test,1,happy,1,happy,0.9438480138778687
/Users/prarthanapatel/Desktop/Himanshi/speech_emotion_detection-develop-v2/cremad_preprocessed/audio/1037_WSI_NEU_XX.wav,1037_WSI_NEU_XX.wav,1037,test,0,neutral,0,neutral,0.721082329750061
/Users/prarthanapatel/Desktop/Himanshi/speech_emotion_detection-develop-v2/cremad_preprocessed/audio/1037_WSI_SAD_XX.wav,1037_WSI_SAD_XX.wav,1037,test,2,sad,2,sad,0.7572625279426575
/Users/prarthanapatel/Desktop/Himanshi/speech_emotion_detection-develop-v2/cremad_preprocessed/audio/1048_DFA_ANG_XX.wav,1048_DFA_ANG_XX.wav,1048,test,3,angry,3,angry,0.9836580753326416
/Users/prarthanapatel/Desktop/Himanshi/speech_emotion_detection-develop-v2/cremad_preprocessed/audio/1048_DFA_DIS_XX.wav,1048_DFA_DIS_XX.wav,1048,test,5,disgust,5,disgust,0.6126981973648071
/Users/prarthanapatel/Desktop/Himanshi/speech_emotion_detection-develop-v2/cremad_preprocessed/audio/1048_DFA_FEA_XX.wav,1048_DFA_FEA_XX.wav,1048,test,4,fearful,4,fearful,0.9179102182388306
/Users/prarthanapatel/Desktop/Himanshi/speech_emotion_detection-develop-v2/cremad_preprocessed/audio/1048_DFA_HAP_XX.wav,1048_DFA_HAP_XX.wav,1048,test,1,happy,4,fearful,0.5164874196052551
/Users/prarthanapatel/Desktop/Himanshi/speech_emotion_detection-develop-v2/cremad_preprocessed/audio/1048_DFA_NEU_XX.wav,1048_DFA_NEU_XX.wav,1048,test,0,neutral,0,neutral,0.8082702159881592
/Users/prarthanapatel/Desktop/Himanshi/speech_emotion_detection-develop-v2/cremad_preprocessed/audio/1048_DFA_SAD_XX.wav,1048_DFA_SAD_XX.wav,1048,test,2,sad,0,neutral,0.7922675609588623
/Users/prarthanapatel/Desktop/Himanshi/speech_emotion_detection-develop-v2/cremad_preprocessed/audio/1048_IEO_ANG_HI.wav,1048_IEO_ANG_HI.wav,1048,test,3,angry,3,angry,0.714893102645874
/Users/prarthanapatel/Desktop/Himanshi/speech_emotion_detection-develop-v2/cremad_preprocessed/audio/1048_IEO_ANG_LO.wav,1048_IEO_ANG_LO.wav,1048,test,3,angry,3,angry,0.9236882925033569
/Users/prarthanapatel/Desktop/Himanshi/speech_emotion_detection-develop-v2/cremad_preprocessed/audio/1048_IEO_ANG_MD.wav,1048_IEO_ANG_MD.wav,1048,test,3,angry,3,angry,0.921776533126831
/Users/prarthanapatel/Desktop/Himanshi/speech_emotion_detection-develop-v2/cremad_preprocessed/audio/1048_IEO_DIS_HI.wav,1048_IEO_DIS_HI.wav,1048,test,5,disgust,4,fearful,0.7176921963691711
/Users/prarthanapatel/Desktop/Himanshi/speech_emotion_detection-develop-v2/cremad_preprocessed/audio/1048_IEO_DIS_LO.wav,1048_IEO_DIS_LO.wav,1048,test,5,disgust,1,happy,0.35294660925865173
/Users/prarthanapatel/Desktop/Himanshi/speech_emotion_detection-develop-v2/cremad_preprocessed/audio/1048_IEO_DIS_MD.wav,1048_IEO_DIS_MD.wav,1048,test,5,disgust,4,fearful,0.7397027015686035
/Users/prarthanapatel/Desktop/Himanshi/speech_emotion_detection-develop-v2/cremad_preprocessed/audio/1048_IEO_FEA_HI.wav,1048_IEO_FEA_HI.wav,1048,test,4,fearful,4,fearful,0.9167041778564453
/Users/prarthanapatel/Desktop/Himanshi/speech_emotion_detection-develop-v2/cremad_preprocessed/audio/1048_IEO_FEA_LO.wav,1048_IEO_FEA_LO.wav,1048,test,4,fearful,4,fearful,0.8331056237220764
/Users/prarthanapatel/Desktop/Himanshi/speech_emotion_detection-develop-v2/cremad_preprocessed/audio/1048_IEO_FEA_MD.wav,1048_IEO_FEA_MD.wav,1048,test,4,fearful,4,fearful,0.9209096431732178
/Users/prarthanapatel/Desktop/Himanshi/speech_emotion_detection-develop-v2/cremad_preprocessed/audio/1048_IEO_HAP_HI.wav,1048_IEO_HAP_HI.wav,1048,test,1,happy,1,happy,0.8512858748435974
/Users/prarthanapatel/Desktop/Himanshi/speech_emotion_detection-develop-v2/cremad_preprocessed/audio/1048_IEO_HAP_LO.wav,1048_IEO_HAP_LO.wav,1048,test,1,happy,1,happy,0.5153601169586182
/Users/prarthanapatel/Desktop/Himanshi/speech_emotion_detection-develop-v2/cremad_preprocessed/audio/1048_IEO_HAP_MD.wav,1048_IEO_HAP_MD.wav,1048,test,1,happy,2,sad,0.47150886058807373
/Users/prarthanapatel/Desktop/Himanshi/speech_emotion_detection-develop-v2/cremad_preprocessed/audio/1048_IEO_NEU_XX.wav,1048_IEO_NEU_XX.wav,1048,test,0,neutral,0,neutral,0.8953848481178284
/Users/prarthanapatel/Desktop/Himanshi/speech_emotion_detection-develop-v2/cremad_preprocessed/audio/1048_IEO_SAD_HI.wav,1048_IEO_SAD_HI.wav,1048,test,2,sad,2,sad,0.7253820896148682
/Users/prarthanapatel/Desktop/Himanshi/speech_emotion_detection-develop-v2/cremad_preprocessed/audio/1048_IEO_SAD_LO.wav,1048_IEO_SAD_LO.wav,1048,test,2,sad,4,fearful,0.870592474937439
/Users/prarthanapatel/Desktop/Himanshi/speech_emotion_detection-develop-v2/cremad_preprocessed/audio/1048_IEO_SAD_MD.wav,1048_IEO_SAD_MD.wav,1048,test,2,sad,2,sad,0.7130684852600098
/Users/prarthanapatel/Desktop/Himanshi/speech_emotion_detection-develop-v2/cremad_preprocessed/audio/1048_IOM_ANG_XX.wav,1048_IOM_ANG_XX.wav,1048,test,3,angry,3,angry,0.8481870889663696
/Users/prarthanapatel/Desktop/Himanshi/speech_emotion_detection-develop-v2/cremad_preprocessed/audio/1048_IOM_DIS_XX.wav,1048_IOM_DIS_XX.wav,1048,test,5,disgust,5,disgust,0.47999465465545654
/Users/prarthanapatel/Desktop/Himanshi/speech_emotion_detection-develop-v2/cremad_preprocessed/audio/1048_IOM_FEA_XX.wav,1048_IOM_FEA_XX.wav,1048,test,4,fearful,4,fearful,0.8896579742431641
/Users/prarthanapatel/Desktop/Himanshi/speech_emotion_detection-develop-v2/cremad_preprocessed/audio/1048_IOM_HAP_XX.wav,1048_IOM_HAP_XX.wav,1048,test,1,happy,1,happy,0.5745962858200073
/Users/prarthanapatel/Desktop/Himanshi/speech_emotion_detection-develop-v2/cremad_preprocessed/audio/1048_IOM_NEU_XX.wav,1048_IOM_NEU_XX.wav,1048,test,0,neutral,0,neutral,0.9266082048416138
/Users/prarthanapatel/Desktop/Himanshi/speech_emotion_detection-develop-v2/cremad_preprocessed/audio/1048_IOM_SAD_XX.wav,1048_IOM_SAD_XX.wav,1048,test,2,sad,2,sad,0.6789487600326538
/Users/prarthanapatel/Desktop/Himanshi/speech_emotion_detection-develop-v2/cremad_preprocessed/audio/1048_ITH_ANG_XX.wav,1048_ITH_ANG_XX.wav,1048,test,3,angry,3,angry,0.9754828810691833
/Users/prarthanapatel/Desktop/Himanshi/speech_emotion_detection-develop-v2/cremad_preprocessed/audio/1048_ITH_DIS_XX.wav,1048_ITH_DIS_XX.wav,1048,test,5,disgust,5,disgust,0.4330406188964844
/Users/prarthanapatel/Desktop/Himanshi/speech_emotion_detection-develop-v2/cremad_preprocessed/audio/1048_ITH_FEA_XX.wav,1048_ITH_FEA_XX.wav,1048,test,4,fearful,4,fearful,0.928665816783905
/Users/prarthanapatel/Desktop/Himanshi/speech_emotion_detection-develop-v2/cremad_preprocessed/audio/1048_ITH_HAP_XX.wav,1048_ITH_HAP_XX.wav,1048,test,1,happy,1,happy,0.5013147592544556
/Users/prarthanapatel/Desktop/Himanshi/speech_emotion_detection-develop-v2/cremad_preprocessed/audio/1048_ITH_NEU_XX.wav,1048_ITH_NEU_XX.wav,1048,test,0,neutral,0,neutral,0.5090721845626831
/Users/prarthanapatel/Desktop/Himanshi/speech_emotion_detection-develop-v2/cremad_preprocessed/audio/1048_ITH_SAD_XX.wav,1048_ITH_SAD_XX.wav,1048,test,2,sad,2,sad,0.5951895713806152
/Users/prarthanapatel/Desktop/Himanshi/speech_emotion_detection-develop-v2/cremad_preprocessed/audio/1048_ITS_ANG_XX.wav,1048_ITS_ANG_XX.wav,1048,test,3,angry,3,angry,0.9834468364715576
/Users/prarthanapatel/Desktop/Himanshi/speech_emotion_detection-develop-v2/cremad_preprocessed/audio/1048_ITS_DIS_XX.wav,1048_ITS_DIS_XX.wav,1048,test,5,disgust,4,fearful,0.45673179626464844
/Users/prarthanapatel/Desktop/Himanshi/speech_emotion_detection-develop-v2/cremad_preprocessed/audio/1048_ITS_FEA_XX.wav,1048_ITS_FEA_XX.wav,1048,test,4,fearful,4,fearful,0.8577923774719238
/Users/prarthanapatel/Desktop/Himanshi/speech_emotion_detection-develop-v2/cremad_preprocessed/audio/1048_ITS_HAP_XX.wav,1048_ITS_HAP_XX.wav,1048,test,1,happy,1,happy,0.5014559626579285
/Users/prarthanapatel/Desktop/Himanshi/speech_emotion_detection-develop-v2/cremad_preprocessed/audio/1048_ITS_NEU_XX.wav,1048_ITS_NEU_XX.wav,1048,test,0,neutral,0,neutral,0.8553339838981628
/Users/prarthanapatel/Desktop/Himanshi/speech_emotion_detection-develop-v2/cremad_preprocessed/audio/1048_ITS_SAD_XX.wav,1048_ITS_SAD_XX.wav,1048,test,2,sad,2,sad,0.5762386918067932
/Users/prarthanapatel/Desktop/Himanshi/speech_emotion_detection-develop-v2/cremad_preprocessed/audio/1048_IWL_ANG_XX.wav,1048_IWL_ANG_XX.wav,1048,test,3,angry,3,angry,0.961999773979187
/Users/prarthanapatel/Desktop/Himanshi/speech_emotion_detection-develop-v2/cremad_preprocessed/audio/1048_IWL_DIS_XX.wav,1048_IWL_DIS_XX.wav,1048,test,5,disgust,5,disgust,0.5947116017341614
/Users/prarthanapatel/Desktop/Himanshi/speech_emotion_detection-develop-v2/cremad_preprocessed/audio/1048_IWL_FEA_XX.wav,1048_IWL_FEA_XX.wav,1048,test,4,fearful,4,fearful,0.8106663823127747
/Users/prarthanapatel/Desktop/Himanshi/speech_emotion_detection-develop-v2/cremad_preprocessed/audio/1048_IWL_HAP_XX.wav,1048_IWL_HAP_XX.wav,1048,test,1,happy,1,happy,0.7062215209007263
/Users/prarthanapatel/Desktop/Himanshi/speech_emotion_detection-develop-v2/cremad_preprocessed/audio/1048_IWL_NEU_XX.wav,1048_IWL_NEU_XX.wav,1048,test,0,neutral,0,neutral,0.911538302898407
/Users/prarthanapatel/Desktop/Himanshi/speech_emotion_detection-develop-v2/cremad_preprocessed/audio/1048_IWL_SAD_XX.wav,1048_IWL_SAD_XX.wav,1048,test,2,sad,4,fearful,0.6877831816673279
/Users/prarthanapatel/Desktop/Himanshi/speech_emotion_detection-develop-v2/cremad_preprocessed/audio/1048_IWW_ANG_XX.wav,1048_IWW_ANG_XX.wav,1048,test,3,angry,3,angry,0.9753758907318115
/Users/prarthanapatel/Desktop/Himanshi/speech_emotion_detection-develop-v2/cremad_preprocessed/audio/1048_IWW_DIS_XX.wav,1048_IWW_DIS_XX.wav,1048,test,5,disgust,3,angry,0.6995132565498352
/Users/prarthanapatel/Desktop/Himanshi/speech_emotion_detection-develop-v2/cremad_preprocessed/audio/1048_IWW_FEA_XX.wav,1048_IWW_FEA_XX.wav,1048,test,4,fearful,4,fearful,0.8120964765548706
/Users/prarthanapatel/Desktop/Himanshi/speech_emotion_detection-develop-v2/cremad_preprocessed/audio/1048_IWW_HAP_XX.wav,1048_IWW_HAP_XX.wav,1048,test,1,happy,1,happy,0.8853871822357178
/Users/prarthanapatel/Desktop/Himanshi/speech_emotion_detection-develop-v2/cremad_preprocessed/audio/1048_IWW_NEU_XX.wav,1048_IWW_NEU_XX.wav,1048,test,0,neutral,0,neutral,0.5165238976478577
/Users/prarthanapatel/Desktop/Himanshi/speech_emotion_detection-develop-v2/cremad_preprocessed/audio/1048_IWW_SAD_XX.wav,1048_IWW_SAD_XX.wav,1048,test,2,sad,2,sad,0.7753932476043701
/Users/prarthanapatel/Desktop/Himanshi/speech_emotion_detection-develop-v2/cremad_preprocessed/audio/1048_MTI_ANG_XX.wav,1048_MTI_ANG_XX.wav,1048,test,3,angry,3,angry,0.9689580202102661
/Users/prarthanapatel/Desktop/Himanshi/speech_emotion_detection-develop-v2/cremad_preprocessed/audio/1048_MTI_DIS_XX.wav,1048_MTI_DIS_XX.wav,1048,test,5,disgust,4,fearful,0.6758056879043579
/Users/prarthanapatel/Desktop/Himanshi/speech_emotion_detection-develop-v2/cremad_preprocessed/audio/1048_MTI_FEA_XX.wav,1048_MTI_FEA_XX.wav,1048,test,4,fearful,2,sad,0.7381629943847656
/Users/prarthanapatel/Desktop/Himanshi/speech_emotion_detection-develop-v2/cremad_preprocessed/audio/1048_MTI_HAP_XX.wav,1048_MTI_HAP_XX.wav,1048,test,1,happy,1,happy,0.765754759311676
/Users/prarthanapatel/Desktop/Himanshi/speech_emotion_detection-develop-v2/cremad_preprocessed/audio/1048_MTI_NEU_XX.wav,1048_MTI_NEU_XX.wav,1048,test,0,neutral,0,neutral,0.405857115983963
/Users/prarthanapatel/Desktop/Himanshi/speech_emotion_detection-develop-v2/cremad_preprocessed/audio/1048_MTI_SAD_XX.wav,1048_MTI_SAD_XX.wav,1048,test,2,sad,2,sad,0.4670647382736206
/Users/prarthanapatel/Desktop/Himanshi/speech_emotion_detection-develop-v2/cremad_preprocessed/audio/1048_TAI_ANG_XX.wav,1048_TAI_ANG_XX.wav,1048,test,3,angry,3,angry,0.9445160627365112
/Users/prarthanapatel/Desktop/Himanshi/speech_emotion_detection-develop-v2/cremad_preprocessed/audio/1048_TAI_DIS_XX.wav,1048_TAI_DIS_XX.wav,1048,test,5,disgust,5,disgust,0.8334031105041504
/Users/prarthanapatel/Desktop/Himanshi/speech_emotion_detection-develop-v2/cremad_preprocessed/audio/1048_TAI_FEA_XX.wav,1048_TAI_FEA_XX.wav,1048,test,4,fearful,4,fearful,0.6918972134590149
/Users/prarthanapatel/Desktop/Himanshi/speech_emotion_detection-develop-v2/cremad_preprocessed/audio/1048_TAI_HAP_XX.wav,1048_TAI_HAP_XX.wav,1048,test,1,happy,4,fearful,0.5054517388343811
/Users/prarthanapatel/Desktop/Himanshi/speech_emotion_detection-develop-v2/cremad_preprocessed/audio/1048_TAI_NEU_XX.wav,1048_TAI_NEU_XX.wav,1048,test,0,neutral,0,neutral,0.49613985419273376
/Users/prarthanapatel/Desktop/Himanshi/speech_emotion_detection-develop-v2/cremad_preprocessed/audio/1048_TAI_SAD_XX.wav,1048_TAI_SAD_XX.wav,1048,test,2,sad,2,sad,0.6477206945419312
/Users/prarthanapatel/Desktop/Himanshi/speech_emotion_detection-develop-v2/cremad_preprocessed/audio/1048_TIE_ANG_XX.wav,1048_TIE_ANG_XX.wav,1048,test,3,angry,3,angry,0.5664597749710083
/Users/prarthanapatel/Desktop/Himanshi/speech_emotion_detection-develop-v2/cremad_preprocessed/audio/1048_TIE_DIS_XX.wav,1048_TIE_DIS_XX.wav,1048,test,5,disgust,4,fearful,0.45242294669151306
/Users/prarthanapatel/Desktop/Himanshi/speech_emotion_detection-develop-v2/cremad_preprocessed/audio/1048_TIE_FEA_XX.wav,1048_TIE_FEA_XX.wav,1048,test,4,fearful,4,fearful,0.6674591302871704
/Users/prarthanapatel/Desktop/Himanshi/speech_emotion_detection-develop-v2/cremad_preprocessed/audio/1048_TIE_HAP_XX.wav,1048_TIE_HAP_XX.wav,1048,test,1,happy,1,happy,0.430549293756485
/Users/prarthanapatel/Desktop/Himanshi/speech_emotion_detection-develop-v2/cremad_preprocessed/audio/1048_TIE_NEU_XX.wav,1048_TIE_NEU_XX.wav,1048,test,0,neutral,0,neutral,0.36013808846473694
/Users/prarthanapatel/Desktop/Himanshi/speech_emotion_detection-develop-v2/cremad_preprocessed/audio/1048_TIE_SAD_XX.wav,1048_TIE_SAD_XX.wav,1048,test,2,sad,2,sad,0.5228098034858704
/Users/prarthanapatel/Desktop/Himanshi/speech_emotion_detection-develop-v2/cremad_preprocessed/audio/1048_TSI_ANG_XX.wav,1048_TSI_ANG_XX.wav,1048,test,3,angry,3,angry,0.8983726501464844
/Users/prarthanapatel/Desktop/Himanshi/speech_emotion_detection-develop-v2/cremad_preprocessed/audio/1048_TSI_DIS_XX.wav,1048_TSI_DIS_XX.wav,1048,test,5,disgust,2,sad,0.5420213937759399
/Users/prarthanapatel/Desktop/Himanshi/speech_emotion_detection-develop-v2/cremad_preprocessed/audio/1048_TSI_FEA_XX.wav,1048_TSI_FEA_XX.wav,1048,test,4,fearful,2,sad,0.5206946134567261
/Users/prarthanapatel/Desktop/Himanshi/speech_emotion_detection-develop-v2/cremad_preprocessed/audio/1048_TSI_HAP_XX.wav,1048_TSI_HAP_XX.wav,1048,test,1,happy,4,fearful,0.3508049547672272
/Users/prarthanapatel/Desktop/Himanshi/speech_emotion_detection-develop-v2/cremad_preprocessed/audio/1048_TSI_NEU_XX.wav,1048_TSI_NEU_XX.wav,1048,test,0,neutral,0,neutral,0.869705319404602
/Users/prarthanapatel/Desktop/Himanshi/speech_emotion_detection-develop-v2/cremad_preprocessed/audio/1048_TSI_SAD_XX.wav,1048_TSI_SAD_XX.wav,1048,test,2,sad,2,sad,0.8822919130325317
/Users/prarthanapatel/Desktop/Himanshi/speech_emotion_detection-develop-v2/cremad_preprocessed/audio/1048_WSI_ANG_XX.wav,1048_WSI_ANG_XX.wav,1048,test,3,angry,3,angry,0.9490333795547485
/Users/prarthanapatel/Desktop/Himanshi/speech_emotion_detection-develop-v2/cremad_preprocessed/audio/1048_WSI_DIS_XX.wav,1048_WSI_DIS_XX.wav,1048,test,5,disgust,4,fearful,0.46751564741134644
/Users/prarthanapatel/Desktop/Himanshi/speech_emotion_detection-develop-v2/cremad_preprocessed/audio/1048_WSI_FEA_XX.wav,1048_WSI_FEA_XX.wav,1048,test,4,fearful,4,fearful,0.6524801254272461
/Users/prarthanapatel/Desktop/Himanshi/speech_emotion_detection-develop-v2/cremad_preprocessed/audio/1048_WSI_HAP_XX.wav,1048_WSI_HAP_XX.wav,1048,test,1,happy,1,happy,0.4562312960624695
/Users/prarthanapatel/Desktop/Himanshi/speech_emotion_detection-develop-v2/cremad_preprocessed/audio/1048_WSI_NEU_XX.wav,1048_WSI_NEU_XX.wav,1048,test,0,neutral,0,neutral,0.9486889243125916
/Users/prarthanapatel/Desktop/Himanshi/speech_emotion_detection-develop-v2/cremad_preprocessed/audio/1048_WSI_SAD_XX.wav,1048_WSI_SAD_XX.wav,1048,test,2,sad,2,sad,0.8202235102653503
/Users/prarthanapatel/Desktop/Himanshi/speech_emotion_detection-develop-v2/cremad_preprocessed/audio/1054_DFA_ANG_XX.wav,1054_DFA_ANG_XX.wav,1054,test,3,angry,3,angry,0.9002103805541992
/Users/prarthanapatel/Desktop/Himanshi/speech_emotion_detection-develop-v2/cremad_preprocessed/audio/1054_DFA_DIS_XX.wav,1054_DFA_DIS_XX.wav,1054,test,5,disgust,5,disgust,0.7512483596801758
/Users/prarthanapatel/Desktop/Himanshi/speech_emotion_detection-develop-v2/cremad_preprocessed/audio/1054_DFA_FEA_XX.wav,1054_DFA_FEA_XX.wav,1054,test,4,fearful,4,fearful,0.6557978391647339
/Users/prarthanapatel/Desktop/Himanshi/speech_emotion_detection-develop-v2/cremad_preprocessed/audio/1054_DFA_HAP_XX.wav,1054_DFA_HAP_XX.wav,1054,test,1,happy,1,happy,0.9159107208251953
/Users/prarthanapatel/Desktop/Himanshi/speech_emotion_detection-develop-v2/cremad_preprocessed/audio/1054_DFA_NEU_XX.wav,1054_DFA_NEU_XX.wav,1054,test,0,neutral,0,neutral,0.7868890166282654
/Users/prarthanapatel/Desktop/Himanshi/speech_emotion_detection-develop-v2/cremad_preprocessed/audio/1054_DFA_SAD_XX.wav,1054_DFA_SAD_XX.wav,1054,test,2,sad,2,sad,0.7750500440597534
/Users/prarthanapatel/Desktop/Himanshi/speech_emotion_detection-develop-v2/cremad_preprocessed/audio/1054_IEO_ANG_HI.wav,1054_IEO_ANG_HI.wav,1054,test,3,angry,3,angry,0.6766048669815063
/Users/prarthanapatel/Desktop/Himanshi/speech_emotion_detection-develop-v2/cremad_preprocessed/audio/1054_IEO_ANG_LO.wav,1054_IEO_ANG_LO.wav,1054,test,3,angry,3,angry,0.47361814975738525
/Users/prarthanapatel/Desktop/Himanshi/speech_emotion_detection-develop-v2/cremad_preprocessed/audio/1054_IEO_ANG_MD.wav,1054_IEO_ANG_MD.wav,1054,test,3,angry,1,happy,0.48722168803215027
/Users/prarthanapatel/Desktop/Himanshi/speech_emotion_detection-develop-v2/cremad_preprocessed/audio/1054_IEO_DIS_HI.wav,1054_IEO_DIS_HI.wav,1054,test,5,disgust,5,disgust,0.7649258971214294
/Users/prarthanapatel/Desktop/Himanshi/speech_emotion_detection-develop-v2/cremad_preprocessed/audio/1054_IEO_DIS_LO.wav,1054_IEO_DIS_LO.wav,1054,test,5,disgust,2,sad,0.5918773412704468
/Users/prarthanapatel/Desktop/Himanshi/speech_emotion_detection-develop-v2/cremad_preprocessed/audio/1054_IEO_DIS_MD.wav,1054_IEO_DIS_MD.wav,1054,test,5,disgust,5,disgust,0.7120665907859802
/Users/prarthanapatel/Desktop/Himanshi/speech_emotion_detection-develop-v2/cremad_preprocessed/audio/1054_IEO_FEA_HI.wav,1054_IEO_FEA_HI.wav,1054,test,4,fearful,4,fearful,0.92494136095047
/Users/prarthanapatel/Desktop/Himanshi/speech_emotion_detection-develop-v2/cremad_preprocessed/audio/1054_IEO_FEA_LO.wav,1054_IEO_FEA_LO.wav,1054,test,4,fearful,4,fearful,0.48936352133750916
/Users/prarthanapatel/Desktop/Himanshi/speech_emotion_detection-develop-v2/cremad_preprocessed/audio/1054_IEO_FEA_MD.wav,1054_IEO_FEA_MD.wav,1054,test,4,fearful,2,sad,0.522381603717804
/Users/prarthanapatel/Desktop/Himanshi/speech_emotion_detection-develop-v2/cremad_preprocessed/audio/1054_IEO_HAP_HI.wav,1054_IEO_HAP_HI.wav,1054,test,1,happy,4,fearful,0.8876928091049194
/Users/prarthanapatel/Desktop/Himanshi/speech_emotion_detection-develop-v2/cremad_preprocessed/audio/1054_IEO_HAP_LO.wav,1054_IEO_HAP_LO.wav,1054,test,1,happy,0,neutral,0.5858409404754639
/Users/prarthanapatel/Desktop/Himanshi/speech_emotion_detection-develop-v2/cremad_preprocessed/audio/1054_IEO_HAP_MD.wav,1054_IEO_HAP_MD.wav,1054,test,1,happy,4,fearful,0.4001942276954651
/Users/prarthanapatel/Desktop/Himanshi/speech_emotion_detection-develop-v2/cremad_preprocessed/audio/1054_IEO_NEU_XX.wav,1054_IEO_NEU_XX.wav,1054,test,0,neutral,2,sad,0.6444736123085022
/Users/prarthanapatel/Desktop/Himanshi/speech_emotion_detection-develop-v2/cremad_preprocessed/audio/1054_IEO_SAD_HI.wav,1054_IEO_SAD_HI.wav,1054,test,2,sad,4,fearful,0.6972739696502686
/Users/prarthanapatel/Desktop/Himanshi/speech_emotion_detection-develop-v2/cremad_preprocessed/audio/1054_IEO_SAD_LO.wav,1054_IEO_SAD_LO.wav,1054,test,2,sad,2,sad,0.5008152723312378
/Users/prarthanapatel/Desktop/Himanshi/speech_emotion_detection-develop-v2/cremad_preprocessed/audio/1054_IEO_SAD_MD.wav,1054_IEO_SAD_MD.wav,1054,test,2,sad,2,sad,0.7163573503494263
/Users/prarthanapatel/Desktop/Himanshi/speech_emotion_detection-develop-v2/cremad_preprocessed/audio/1054_IOM_ANG_XX.wav,1054_IOM_ANG_XX.wav,1054,test,3,angry,3,angry,0.611832320690155
/Users/prarthanapatel/Desktop/Himanshi/speech_emotion_detection-develop-v2/cremad_preprocessed/audio/1054_IOM_DIS_XX.wav,1054_IOM_DIS_XX.wav,1054,test,5,disgust,3,angry,0.3670911192893982
/Users/prarthanapatel/Desktop/Himanshi/speech_emotion_detection-develop-v2/cremad_preprocessed/audio/1054_IOM_FEA_XX.wav,1054_IOM_FEA_XX.wav,1054,test,4,fearful,4,fearful,0.8681679368019104
/Users/prarthanapatel/Desktop/Himanshi/speech_emotion_detection-develop-v2/cremad_preprocessed/audio/1054_IOM_HAP_XX.wav,1054_IOM_HAP_XX.wav,1054,test,1,happy,4,fearful,0.43172645568847656
/Users/prarthanapatel/Desktop/Himanshi/speech_emotion_detection-develop-v2/cremad_preprocessed/audio/1054_IOM_NEU_XX.wav,1054_IOM_NEU_XX.wav,1054,test,0,neutral,2,sad,0.7576073408126831
/Users/prarthanapatel/Desktop/Himanshi/speech_emotion_detection-develop-v2/cremad_preprocessed/audio/1054_IOM_SAD_XX.wav,1054_IOM_SAD_XX.wav,1054,test,2,sad,2,sad,0.7904843688011169
/Users/prarthanapatel/Desktop/Himanshi/speech_emotion_detection-develop-v2/cremad_preprocessed/audio/1054_ITH_ANG_XX.wav,1054_ITH_ANG_XX.wav,1054,test,3,angry,3,angry,0.9007479548454285
/Users/prarthanapatel/Desktop/Himanshi/speech_emotion_detection-develop-v2/cremad_preprocessed/audio/1054_ITH_DIS_XX.wav,1054_ITH_DIS_XX.wav,1054,test,5,disgust,5,disgust,0.5062376856803894
/Users/prarthanapatel/Desktop/Himanshi/speech_emotion_detection-develop-v2/cremad_preprocessed/audio/1054_ITH_FEA_XX.wav,1054_ITH_FEA_XX.wav,1054,test,4,fearful,4,fearful,0.6171447038650513
/Users/prarthanapatel/Desktop/Himanshi/speech_emotion_detection-develop-v2/cremad_preprocessed/audio/1054_ITH_HAP_XX.wav,1054_ITH_HAP_XX.wav,1054,test,1,happy,1,happy,0.9009044766426086
/Users/prarthanapatel/Desktop/Himanshi/speech_emotion_detection-develop-v2/cremad_preprocessed/audio/1054_ITH_NEU_XX.wav,1054_ITH_NEU_XX.wav,1054,test,0,neutral,0,neutral,0.5395333170890808
/Users/prarthanapatel/Desktop/Himanshi/speech_emotion_detection-develop-v2/cremad_preprocessed/audio/1054_ITH_SAD_XX.wav,1054_ITH_SAD_XX.wav,1054,test,2,sad,4,fearful,0.49013426899909973
/Users/prarthanapatel/Desktop/Himanshi/speech_emotion_detection-develop-v2/cremad_preprocessed/audio/1054_ITS_ANG_XX.wav,1054_ITS_ANG_XX.wav,1054,test,3,angry,3,angry,0.928551435470581
/Users/prarthanapatel/Desktop/Himanshi/speech_emotion_detection-develop-v2/cremad_preprocessed/audio/1054_ITS_DIS_XX.wav,1054_ITS_DIS_XX.wav,1054,test,5,disgust,5,disgust,0.8381525874137878
/Users/prarthanapatel/Desktop/Himanshi/speech_emotion_detection-develop-v2/cremad_preprocessed/audio/1054_ITS_FEA_XX.wav,1054_ITS_FEA_XX.wav,1054,test,4,fearful,4,fearful,0.8011441230773926
/Users/prarthanapatel/Desktop/Himanshi/speech_emotion_detection-develop-v2/cremad_preprocessed/audio/1054_ITS_HAP_XX.wav,1054_ITS_HAP_XX.wav,1054,test,1,happy,1,happy,0.4507962763309479
/Users/prarthanapatel/Desktop/Himanshi/speech_emotion_detection-develop-v2/cremad_preprocessed/audio/1054_ITS_NEU_XX.wav,1054_ITS_NEU_XX.wav,1054,test,0,neutral,0,neutral,0.9316800236701965
/Users/prarthanapatel/Desktop/Himanshi/speech_emotion_detection-develop-v2/cremad_preprocessed/audio/1054_ITS_SAD_XX.wav,1054_ITS_SAD_XX.wav,1054,test,2,sad,2,sad,0.577991247177124
/Users/prarthanapatel/Desktop/Himanshi/speech_emotion_detection-develop-v2/cremad_preprocessed/audio/1054_IWL_ANG_XX.wav,1054_IWL_ANG_XX.wav,1054,test,3,angry,1,happy,0.4185789227485657
/Users/prarthanapatel/Desktop/Himanshi/speech_emotion_detection-develop-v2/cremad_preprocessed/audio/1054_IWL_DIS_XX.wav,1054_IWL_DIS_XX.wav,1054,test,5,disgust,5,disgust,0.6366636157035828
/Users/prarthanapatel/Desktop/Himanshi/speech_emotion_detection-develop-v2/cremad_preprocessed/audio/1054_IWL_FEA_XX.wav,1054_IWL_FEA_XX.wav,1054,test,4,fearful,4,fearful,0.8003140687942505
/Users/prarthanapatel/Desktop/Himanshi/speech_emotion_detection-develop-v2/cremad_preprocessed/audio/1054_IWL_HAP_XX.wav,1054_IWL_HAP_XX.wav,1054,test,1,happy,1,happy,0.33587846159935
/Users/prarthanapatel/Desktop/Himanshi/speech_emotion_detection-develop-v2/cremad_preprocessed/audio/1054_IWL_NEU_XX.wav,1054_IWL_NEU_XX.wav,1054,test,0,neutral,2,sad,0.7786791920661926
/Users/prarthanapatel/Desktop/Himanshi/speech_emotion_detection-develop-v2/cremad_preprocessed/audio/1054_IWL_SAD_XX.wav,1054_IWL_SAD_XX.wav,1054,test,2,sad,2,sad,0.6722548604011536
/Users/prarthanapatel/Desktop/Himanshi/speech_emotion_detection-develop-v2/cremad_preprocessed/audio/1054_IWW_ANG_XX.wav,1054_IWW_ANG_XX.wav,1054,test,3,angry,3,angry,0.9450618624687195
/Users/prarthanapatel/Desktop/Himanshi/speech_emotion_detection-develop-v2/cremad_preprocessed/audio/1054_IWW_DIS_XX.wav,1054_IWW_DIS_XX.wav,1054,test,5,disgust,5,disgust,0.5894925594329834
/Users/prarthanapatel/Desktop/Himanshi/speech_emotion_detection-develop-v2/cremad_preprocessed/audio/1054_IWW_FEA_XX.wav,1054_IWW_FEA_XX.wav,1054,test,4,fearful,4,fearful,0.7945560216903687
/Users/prarthanapatel/Desktop/Himanshi/speech_emotion_detection-develop-v2/cremad_preprocessed/audio/1054_IWW_HAP_XX.wav,1054_IWW_HAP_XX.wav,1054,test,1,happy,1,happy,0.7598100900650024
/Users/prarthanapatel/Desktop/Himanshi/speech_emotion_detection-develop-v2/cremad_preprocessed/audio/1054_IWW_NEU_XX.wav,1054_IWW_NEU_XX.wav,1054,test,0,neutral,0,neutral,0.7722329497337341
/Users/prarthanapatel/Desktop/Himanshi/speech_emotion_detection-develop-v2/cremad_preprocessed/audio/1054_IWW_SAD_XX.wav,1054_IWW_SAD_XX.wav,1054,test,2,sad,2,sad,0.44978460669517517
/Users/prarthanapatel/Desktop/Himanshi/speech_emotion_detection-develop-v2/cremad_preprocessed/audio/1054_MTI_ANG_XX.wav,1054_MTI_ANG_XX.wav,1054,test,3,angry,3,angry,0.4616895318031311
/Users/prarthanapatel/Desktop/Himanshi/speech_emotion_detection-develop-v2/cremad_preprocessed/audio/1054_MTI_DIS_XX.wav,1054_MTI_DIS_XX.wav,1054,test,5,disgust,5,disgust,0.5068253874778748
/Users/prarthanapatel/Desktop/Himanshi/speech_emotion_detection-develop-v2/cremad_preprocessed/audio/1054_MTI_FEA_XX.wav,1054_MTI_FEA_XX.wav,1054,test,4,fearful,4,fearful,0.6300047039985657
/Users/prarthanapatel/Desktop/Himanshi/speech_emotion_detection-develop-v2/cremad_preprocessed/audio/1054_MTI_HAP_XX.wav,1054_MTI_HAP_XX.wav,1054,test,1,happy,1,happy,0.8078397512435913
/Users/prarthanapatel/Desktop/Himanshi/speech_emotion_detection-develop-v2/cremad_preprocessed/audio/1054_MTI_NEU_XX.wav,1054_MTI_NEU_XX.wav,1054,test,0,neutral,0,neutral,0.8480077385902405
/Users/prarthanapatel/Desktop/Himanshi/speech_emotion_detection-develop-v2/cremad_preprocessed/audio/1054_MTI_SAD_XX.wav,1054_MTI_SAD_XX.wav,1054,test,2,sad,4,fearful,0.5995140075683594
/Users/prarthanapatel/Desktop/Himanshi/speech_emotion_detection-develop-v2/cremad_preprocessed/audio/1054_TAI_ANG_XX.wav,1054_TAI_ANG_XX.wav,1054,test,3,angry,3,angry,0.9553813338279724
/Users/prarthanapatel/Desktop/Himanshi/speech_emotion_detection-develop-v2/cremad_preprocessed/audio/1054_TAI_DIS_XX.wav,1054_TAI_DIS_XX.wav,1054,test,5,disgust,5,disgust,0.875768780708313
/Users/prarthanapatel/Desktop/Himanshi/speech_emotion_detection-develop-v2/cremad_preprocessed/audio/1054_TAI_FEA_XX.wav,1054_TAI_FEA_XX.wav,1054,test,4,fearful,4,fearful,0.496160089969635
/Users/prarthanapatel/Desktop/Himanshi/speech_emotion_detection-develop-v2/cremad_preprocessed/audio/1054_TAI_HAP_XX.wav,1054_TAI_HAP_XX.wav,1054,test,1,happy,1,happy,0.8230177760124207
/Users/prarthanapatel/Desktop/Himanshi/speech_emotion_detection-develop-v2/cremad_preprocessed/audio/1054_TAI_NEU_XX.wav,1054_TAI_NEU_XX.wav,1054,test,0,neutral,2,sad,0.5268080830574036
/Users/prarthanapatel/Desktop/Himanshi/speech_emotion_detection-develop-v2/cremad_preprocessed/audio/1054_TAI_SAD_XX.wav,1054_TAI_SAD_XX.wav,1054,test,2,sad,2,sad,0.4348899722099304
/Users/prarthanapatel/Desktop/Himanshi/speech_emotion_detection-develop-v2/cremad_preprocessed/audio/1054_TIE_ANG_XX.wav,1054_TIE_ANG_XX.wav,1054,test,3,angry,3,angry,0.9066758155822754
/Users/prarthanapatel/Desktop/Himanshi/speech_emotion_detection-develop-v2/cremad_preprocessed/audio/1054_TIE_DIS_XX.wav,1054_TIE_DIS_XX.wav,1054,test,5,disgust,5,disgust,0.9263224601745605
/Users/prarthanapatel/Desktop/Himanshi/speech_emotion_detection-develop-v2/cremad_preprocessed/audio/1054_TIE_FEA_XX.wav,1054_TIE_FEA_XX.wav,1054,test,4,fearful,4,fearful,0.6399210691452026
/Users/prarthanapatel/Desktop/Himanshi/speech_emotion_detection-develop-v2/cremad_preprocessed/audio/1054_TIE_HAP_XX.wav,1054_TIE_HAP_XX.wav,1054,test,1,happy,1,happy,0.9251932501792908
/Users/prarthanapatel/Desktop/Himanshi/speech_emotion_detection-develop-v2/cremad_preprocessed/audio/1054_TIE_NEU_XX.wav,1054_TIE_NEU_XX.wav,1054,test,0,neutral,2,sad,0.6142844557762146
/Users/prarthanapatel/Desktop/Himanshi/speech_emotion_detection-develop-v2/cremad_preprocessed/audio/1054_TIE_SAD_XX.wav,1054_TIE_SAD_XX.wav,1054,test,2,sad,2,sad,0.683813750743866
/Users/prarthanapatel/Desktop/Himanshi/speech_emotion_detection-develop-v2/cremad_preprocessed/audio/1054_TSI_ANG_XX.wav,1054_TSI_ANG_XX.wav,1054,test,3,angry,3,angry,0.6931045055389404
/Users/prarthanapatel/Desktop/Himanshi/speech_emotion_detection-develop-v2/cremad_preprocessed/audio/1054_TSI_DIS_XX.wav,1054_TSI_DIS_XX.wav,1054,test,5,disgust,5,disgust,0.9104159474372864
/Users/prarthanapatel/Desktop/Himanshi/speech_emotion_detection-develop-v2/cremad_preprocessed/audio/1054_TSI_FEA_XX.wav,1054_TSI_FEA_XX.wav,1054,test,4,fearful,4,fearful,0.9160315990447998
/Users/prarthanapatel/Desktop/Himanshi/speech_emotion_detection-develop-v2/cremad_preprocessed/audio/1054_TSI_HAP_XX.wav,1054_TSI_HAP_XX.wav,1054,test,1,happy,4,fearful,0.5819927453994751
/Users/prarthanapatel/Desktop/Himanshi/speech_emotion_detection-develop-v2/cremad_preprocessed/audio/1054_TSI_NEU_XX.wav,1054_TSI_NEU_XX.wav,1054,test,0,neutral,0,neutral,0.7369995713233948
/Users/prarthanapatel/Desktop/Himanshi/speech_emotion_detection-develop-v2/cremad_preprocessed/audio/1054_TSI_SAD_XX.wav,1054_TSI_SAD_XX.wav,1054,test,2,sad,2,sad,0.7666526436805725
/Users/prarthanapatel/Desktop/Himanshi/speech_emotion_detection-develop-v2/cremad_preprocessed/audio/1054_WSI_ANG_XX.wav,1054_WSI_ANG_XX.wav,1054,test,3,angry,3,angry,0.9581891298294067
/Users/prarthanapatel/Desktop/Himanshi/speech_emotion_detection-develop-v2/cremad_preprocessed/audio/1054_WSI_DIS_XX.wav,1054_WSI_DIS_XX.wav,1054,test,5,disgust,5,disgust,0.49143776297569275
/Users/prarthanapatel/Desktop/Himanshi/speech_emotion_detection-develop-v2/cremad_preprocessed/audio/1054_WSI_FEA_XX.wav,1054_WSI_FEA_XX.wav,1054,test,4,fearful,4,fearful,0.6124569773674011
/Users/prarthanapatel/Desktop/Himanshi/speech_emotion_detection-develop-v2/cremad_preprocessed/audio/1054_WSI_HAP_XX.wav,1054_WSI_HAP_XX.wav,1054,test,1,happy,1,happy,0.4501640796661377
/Users/prarthanapatel/Desktop/Himanshi/speech_emotion_detection-develop-v2/cremad_preprocessed/audio/1054_WSI_NEU_XX.wav,1054_WSI_NEU_XX.wav,1054,test,0,neutral,0,neutral,0.5448006391525269
/Users/prarthanapatel/Desktop/Himanshi/speech_emotion_detection-develop-v2/cremad_preprocessed/audio/1054_WSI_SAD_XX.wav,1054_WSI_SAD_XX.wav,1054,test,2,sad,2,sad,0.8567387461662292
/Users/prarthanapatel/Desktop/Himanshi/speech_emotion_detection-develop-v2/cremad_preprocessed/audio/1065_DFA_ANG_XX.wav,1065_DFA_ANG_XX.wav,1065,test,3,angry,3,angry,0.9822069406509399
/Users/prarthanapatel/Desktop/Himanshi/speech_emotion_detection-develop-v2/cremad_preprocessed/audio/1065_DFA_DIS_XX.wav,1065_DFA_DIS_XX.wav,1065,test,5,disgust,1,happy,0.4582594335079193
/Users/prarthanapatel/Desktop/Himanshi/speech_emotion_detection-develop-v2/cremad_preprocessed/audio/1065_DFA_FEA_XX.wav,1065_DFA_FEA_XX.wav,1065,test,4,fearful,4,fearful,0.8094303011894226
/Users/prarthanapatel/Desktop/Himanshi/speech_emotion_detection-develop-v2/cremad_preprocessed/audio/1065_DFA_HAP_XX.wav,1065_DFA_HAP_XX.wav,1065,test,1,happy,1,happy,0.519891083240509
/Users/prarthanapatel/Desktop/Himanshi/speech_emotion_detection-develop-v2/cremad_preprocessed/audio/1065_DFA_NEU_XX.wav,1065_DFA_NEU_XX.wav,1065,test,0,neutral,0,neutral,0.9484920501708984
/Users/prarthanapatel/Desktop/Himanshi/speech_emotion_detection-develop-v2/cremad_preprocessed/audio/1065_DFA_SAD_XX.wav,1065_DFA_SAD_XX.wav,1065,test,2,sad,2,sad,0.6591142416000366
/Users/prarthanapatel/Desktop/Himanshi/speech_emotion_detection-develop-v2/cremad_preprocessed/audio/1065_IEO_ANG_HI.wav,1065_IEO_ANG_HI.wav,1065,test,3,angry,3,angry,0.9757063388824463
/Users/prarthanapatel/Desktop/Himanshi/speech_emotion_detection-develop-v2/cremad_preprocessed/audio/1065_IEO_ANG_LO.wav,1065_IEO_ANG_LO.wav,1065,test,3,angry,3,angry,0.4723573923110962
/Users/prarthanapatel/Desktop/Himanshi/speech_emotion_detection-develop-v2/cremad_preprocessed/audio/1065_IEO_ANG_MD.wav,1065_IEO_ANG_MD.wav,1065,test,3,angry,3,angry,0.9812922477722168
/Users/prarthanapatel/Desktop/Himanshi/speech_emotion_detection-develop-v2/cremad_preprocessed/audio/1065_IEO_DIS_HI.wav,1065_IEO_DIS_HI.wav,1065,test,5,disgust,5,disgust,0.6003369688987732
/Users/prarthanapatel/Desktop/Himanshi/speech_emotion_detection-develop-v2/cremad_preprocessed/audio/1065_IEO_DIS_LO.wav,1065_IEO_DIS_LO.wav,1065,test,5,disgust,2,sad,0.48376068472862244
/Users/prarthanapatel/Desktop/Himanshi/speech_emotion_detection-develop-v2/cremad_preprocessed/audio/1065_IEO_DIS_MD.wav,1065_IEO_DIS_MD.wav,1065,test,5,disgust,5,disgust,0.6106834411621094
/Users/prarthanapatel/Desktop/Himanshi/speech_emotion_detection-develop-v2/cremad_preprocessed/audio/1065_IEO_FEA_HI.wav,1065_IEO_FEA_HI.wav,1065,test,4,fearful,1,happy,0.4588615298271179
/Users/prarthanapatel/Desktop/Himanshi/speech_emotion_detection-develop-v2/cremad_preprocessed/audio/1065_IEO_FEA_LO.wav,1065_IEO_FEA_LO.wav,1065,test,4,fearful,2,sad,0.6554391384124756
/Users/prarthanapatel/Desktop/Himanshi/speech_emotion_detection-develop-v2/cremad_preprocessed/audio/1065_IEO_FEA_MD.wav,1065_IEO_FEA_MD.wav,1065,test,4,fearful,4,fearful,0.5845391750335693
/Users/prarthanapatel/Desktop/Himanshi/speech_emotion_detection-develop-v2/cremad_preprocessed/audio/1065_IEO_HAP_HI.wav,1065_IEO_HAP_HI.wav,1065,test,1,happy,5,disgust,0.5294039845466614
/Users/prarthanapatel/Desktop/Himanshi/speech_emotion_detection-develop-v2/cremad_preprocessed/audio/1065_IEO_HAP_LO.wav,1065_IEO_HAP_LO.wav,1065,test,1,happy,0,neutral,0.5171605944633484
/Users/prarthanapatel/Desktop/Himanshi/speech_emotion_detection-develop-v2/cremad_preprocessed/audio/1065_IEO_HAP_MD.wav,1065_IEO_HAP_MD.wav,1065,test,1,happy,4,fearful,0.4860438406467438
/Users/prarthanapatel/Desktop/Himanshi/speech_emotion_detection-develop-v2/cremad_preprocessed/audio/1065_IEO_NEU_XX.wav,1065_IEO_NEU_XX.wav,1065,test,0,neutral,0,neutral,0.7656674981117249
/Users/prarthanapatel/Desktop/Himanshi/speech_emotion_detection-develop-v2/cremad_preprocessed/audio/1065_IEO_SAD_HI.wav,1065_IEO_SAD_HI.wav,1065,test,2,sad,2,sad,0.734301745891571
/Users/prarthanapatel/Desktop/Himanshi/speech_emotion_detection-develop-v2/cremad_preprocessed/audio/1065_IEO_SAD_LO.wav,1065_IEO_SAD_LO.wav,1065,test,2,sad,2,sad,0.709854006767273
/Users/prarthanapatel/Desktop/Himanshi/speech_emotion_detection-develop-v2/cremad_preprocessed/audio/1065_IEO_SAD_MD.wav,1065_IEO_SAD_MD.wav,1065,test,2,sad,2,sad,0.8175306916236877
/Users/prarthanapatel/Desktop/Himanshi/speech_emotion_detection-develop-v2/cremad_preprocessed/audio/1065_IOM_ANG_XX.wav,1065_IOM_ANG_XX.wav,1065,test,3,angry,3,angry,0.9739842414855957
/Users/prarthanapatel/Desktop/Himanshi/speech_emotion_detection-develop-v2/cremad_preprocessed/audio/1065_IOM_DIS_XX.wav,1065_IOM_DIS_XX.wav,1065,test,5,disgust,0,neutral,0.5055049657821655
/Users/prarthanapatel/Desktop/Himanshi/speech_emotion_detection-develop-v2/cremad_preprocessed/audio/1065_IOM_FEA_XX.wav,1065_IOM_FEA_XX.wav,1065,test,4,fearful,0,neutral,0.5399553775787354
/Users/prarthanapatel/Desktop/Himanshi/speech_emotion_detection-develop-v2/cremad_preprocessed/audio/1065_IOM_HAP_XX.wav,1065_IOM_HAP_XX.wav,1065,test,1,happy,0,neutral,0.5036018490791321
/Users/prarthanapatel/Desktop/Himanshi/speech_emotion_detection-develop-v2/cremad_preprocessed/audio/1065_IOM_NEU_XX.wav,1065_IOM_NEU_XX.wav,1065,test,0,neutral,0,neutral,0.8306426405906677
/Users/prarthanapatel/Desktop/Himanshi/speech_emotion_detection-develop-v2/cremad_preprocessed/audio/1065_IOM_SAD_XX.wav,1065_IOM_SAD_XX.wav,1065,test,2,sad,2,sad,0.6708129644393921
/Users/prarthanapatel/Desktop/Himanshi/speech_emotion_detection-develop-v2/cremad_preprocessed/audio/1065_ITH_ANG_XX.wav,1065_ITH_ANG_XX.wav,1065,test,3,angry,3,angry,0.9241502285003662
/Users/prarthanapatel/Desktop/Himanshi/speech_emotion_detection-develop-v2/cremad_preprocessed/audio/1065_ITH_DIS_XX.wav,1065_ITH_DIS_XX.wav,1065,test,5,disgust,5,disgust,0.5035508275032043
/Users/prarthanapatel/Desktop/Himanshi/speech_emotion_detection-develop-v2/cremad_preprocessed/audio/1065_ITH_FEA_XX.wav,1065_ITH_FEA_XX.wav,1065,test,4,fearful,4,fearful,0.6304798126220703
/Users/prarthanapatel/Desktop/Himanshi/speech_emotion_detection-develop-v2/cremad_preprocessed/audio/1065_ITH_HAP_XX.wav,1065_ITH_HAP_XX.wav,1065,test,1,happy,1,happy,0.33368387818336487
/Users/prarthanapatel/Desktop/Himanshi/speech_emotion_detection-develop-v2/cremad_preprocessed/audio/1065_ITH_NEU_XX.wav,1065_ITH_NEU_XX.wav,1065,test,0,neutral,0,neutral,0.5388675928115845
/Users/prarthanapatel/Desktop/Himanshi/speech_emotion_detection-develop-v2/cremad_preprocessed/audio/1065_ITH_SAD_XX.wav,1065_ITH_SAD_XX.wav,1065,test,2,sad,2,sad,0.6084145307540894
/Users/prarthanapatel/Desktop/Himanshi/speech_emotion_detection-develop-v2/cremad_preprocessed/audio/1065_ITS_ANG_XX.wav,1065_ITS_ANG_XX.wav,1065,test,3,angry,3,angry,0.9804515838623047
/Users/prarthanapatel/Desktop/Himanshi/speech_emotion_detection-develop-v2/cremad_preprocessed/audio/1065_ITS_DIS_XX.wav,1065_ITS_DIS_XX.wav,1065,test,5,disgust,1,happy,0.3512449860572815
/Users/prarthanapatel/Desktop/Himanshi/speech_emotion_detection-develop-v2/cremad_preprocessed/audio/1065_ITS_FEA_XX.wav,1065_ITS_FEA_XX.wav,1065,test,4,fearful,4,fearful,0.7990002632141113
/Users/prarthanapatel/Desktop/Himanshi/speech_emotion_detection-develop-v2/cremad_preprocessed/audio/1065_ITS_HAP_XX.wav,1065_ITS_HAP_XX.wav,1065,test,1,happy,1,happy,0.5974898934364319
/Users/prarthanapatel/Desktop/Himanshi/speech_emotion_detection-develop-v2/cremad_preprocessed/audio/1065_ITS_NEU_XX.wav,1065_ITS_NEU_XX.wav,1065,test,0,neutral,0,neutral,0.9712681770324707
/Users/prarthanapatel/Desktop/Himanshi/speech_emotion_detection-develop-v2/cremad_preprocessed/audio/1065_ITS_SAD_XX.wav,1065_ITS_SAD_XX.wav,1065,test,2,sad,2,sad,0.455637127161026
/Users/prarthanapatel/Desktop/Himanshi/speech_emotion_detection-develop-v2/cremad_preprocessed/audio/1065_IWL_ANG_XX.wav,1065_IWL_ANG_XX.wav,1065,test,3,angry,3,angry,0.9840841889381409
/Users/prarthanapatel/Desktop/Himanshi/speech_emotion_detection-develop-v2/cremad_preprocessed/audio/1065_IWL_DIS_XX.wav,1065_IWL_DIS_XX.wav,1065,test,5,disgust,1,happy,0.5277077555656433
/Users/prarthanapatel/Desktop/Himanshi/speech_emotion_detection-develop-v2/cremad_preprocessed/audio/1065_IWL_FEA_XX.wav,1065_IWL_FEA_XX.wav,1065,test,4,fearful,2,sad,0.4973200559616089
/Users/prarthanapatel/Desktop/Himanshi/speech_emotion_detection-develop-v2/cremad_preprocessed/audio/1065_IWL_HAP_XX.wav,1065_IWL_HAP_XX.wav,1065,test,1,happy,1,happy,0.4766135811805725
/Users/prarthanapatel/Desktop/Himanshi/speech_emotion_detection-develop-v2/cremad_preprocessed/audio/1065_IWL_NEU_XX.wav,1065_IWL_NEU_XX.wav,1065,test,0,neutral,0,neutral,0.8632104396820068
/Users/prarthanapatel/Desktop/Himanshi/speech_emotion_detection-develop-v2/cremad_preprocessed/audio/1065_IWL_SAD_XX.wav,1065_IWL_SAD_XX.wav,1065,test,2,sad,2,sad,0.7308046221733093
/Users/prarthanapatel/Desktop/Himanshi/speech_emotion_detection-develop-v2/cremad_preprocessed/audio/1065_IWW_ANG_XX.wav,1065_IWW_ANG_XX.wav,1065,test,3,angry,3,angry,0.9832508563995361
/Users/prarthanapatel/Desktop/Himanshi/speech_emotion_detection-develop-v2/cremad_preprocessed/audio/1065_IWW_DIS_XX.wav,1065_IWW_DIS_XX.wav,1065,test,5,disgust,5,disgust,0.419027179479599
/Users/prarthanapatel/Desktop/Himanshi/speech_emotion_detection-develop-v2/cremad_preprocessed/audio/1065_IWW_FEA_XX.wav,1065_IWW_FEA_XX.wav,1065,test,4,fearful,0,neutral,0.8329901695251465
/Users/prarthanapatel/Desktop/Himanshi/speech_emotion_detection-develop-v2/cremad_preprocessed/audio/1065_IWW_HAP_XX.wav,1065_IWW_HAP_XX.wav,1065,test,1,happy,1,happy,0.8795225620269775
/Users/prarthanapatel/Desktop/Himanshi/speech_emotion_detection-develop-v2/cremad_preprocessed/audio/1065_IWW_NEU_XX.wav,1065_IWW_NEU_XX.wav,1065,test,0,neutral,0,neutral,0.9678294062614441
/Users/prarthanapatel/Desktop/Himanshi/speech_emotion_detection-develop-v2/cremad_preprocessed/audio/1065_IWW_SAD_XX.wav,1065_IWW_SAD_XX.wav,1065,test,2,sad,2,sad,0.7890011668205261
/Users/prarthanapatel/Desktop/Himanshi/speech_emotion_detection-develop-v2/cremad_preprocessed/audio/1065_MTI_ANG_XX.wav,1065_MTI_ANG_XX.wav,1065,test,3,angry,3,angry,0.9254016876220703
/Users/prarthanapatel/Desktop/Himanshi/speech_emotion_detection-develop-v2/cremad_preprocessed/audio/1065_MTI_DIS_XX.wav,1065_MTI_DIS_XX.wav,1065,test,5,disgust,5,disgust,0.42127394676208496
/Users/prarthanapatel/Desktop/Himanshi/speech_emotion_detection-develop-v2/cremad_preprocessed/audio/1065_MTI_FEA_XX.wav,1065_MTI_FEA_XX.wav,1065,test,4,fearful,2,sad,0.5107945203781128
/Users/prarthanapatel/Desktop/Himanshi/speech_emotion_detection-develop-v2/cremad_preprocessed/audio/1065_MTI_HAP_XX.wav,1065_MTI_HAP_XX.wav,1065,test,1,happy,1,happy,0.9573160409927368
/Users/prarthanapatel/Desktop/Himanshi/speech_emotion_detection-develop-v2/cremad_preprocessed/audio/1065_MTI_NEU_XX.wav,1065_MTI_NEU_XX.wav,1065,test,0,neutral,0,neutral,0.9169803857803345
/Users/prarthanapatel/Desktop/Himanshi/speech_emotion_detection-develop-v2/cremad_preprocessed/audio/1065_MTI_SAD_XX.wav,1065_MTI_SAD_XX.wav,1065,test,2,sad,0,neutral,0.7431389093399048
/Users/prarthanapatel/Desktop/Himanshi/speech_emotion_detection-develop-v2/cremad_preprocessed/audio/1065_TAI_ANG_XX.wav,1065_TAI_ANG_XX.wav,1065,test,3,angry,3,angry,0.9834001660346985
/Users/prarthanapatel/Desktop/Himanshi/speech_emotion_detection-develop-v2/cremad_preprocessed/audio/1065_TAI_DIS_XX.wav,1065_TAI_DIS_XX.wav,1065,test,5,disgust,4,fearful,0.32370293140411377
/Users/prarthanapatel/Desktop/Himanshi/speech_emotion_detection-develop-v2/cremad_preprocessed/audio/1065_TAI_FEA_XX.wav,1065_TAI_FEA_XX.wav,1065,test,4,fearful,4,fearful,0.6598191857337952
/Users/prarthanapatel/Desktop/Himanshi/speech_emotion_detection-develop-v2/cremad_preprocessed/audio/1065_TAI_HAP_XX.wav,1065_TAI_HAP_XX.wav,1065,test,1,happy,1,happy,0.6476191878318787
/Users/prarthanapatel/Desktop/Himanshi/speech_emotion_detection-develop-v2/cremad_preprocessed/audio/1065_TAI_NEU_XX.wav,1065_TAI_NEU_XX.wav,1065,test,0,neutral,0,neutral,0.9384562969207764
/Users/prarthanapatel/Desktop/Himanshi/speech_emotion_detection-develop-v2/cremad_preprocessed/audio/1065_TAI_SAD_XX.wav,1065_TAI_SAD_XX.wav,1065,test,2,sad,2,sad,0.445370078086853
/Users/prarthanapatel/Desktop/Himanshi/speech_emotion_detection-develop-v2/cremad_preprocessed/audio/1065_TIE_ANG_XX.wav,1065_TIE_ANG_XX.wav,1065,test,3,angry,3,angry,0.9198846220970154
/Users/prarthanapatel/Desktop/Himanshi/speech_emotion_detection-develop-v2/cremad_preprocessed/audio/1065_TIE_DIS_XX.wav,1065_TIE_DIS_XX.wav,1065,test,5,disgust,5,disgust,0.47650137543678284
/Users/prarthanapatel/Desktop/Himanshi/speech_emotion_detection-develop-v2/cremad_preprocessed/audio/1065_TIE_FEA_XX.wav,1065_TIE_FEA_XX.wav,1065,test,4,fearful,0,neutral,0.49281617999076843
/Users/prarthanapatel/Desktop/Himanshi/speech_emotion_detection-develop-v2/cremad_preprocessed/audio/1065_TIE_HAP_XX.wav,1065_TIE_HAP_XX.wav,1065,test,1,happy,1,happy,0.49674418568611145
/Users/prarthanapatel/Desktop/Himanshi/speech_emotion_detection-develop-v2/cremad_preprocessed/audio/1065_TIE_NEU_XX.wav,1065_TIE_NEU_XX.wav,1065,test,0,neutral,0,neutral,0.9369229674339294
/Users/prarthanapatel/Desktop/Himanshi/speech_emotion_detection-develop-v2/cremad_preprocessed/audio/1065_TIE_SAD_XX.wav,1065_TIE_SAD_XX.wav,1065,test,2,sad,2,sad,0.8203427195549011
/Users/prarthanapatel/Desktop/Himanshi/speech_emotion_detection-develop-v2/cremad_preprocessed/audio/1065_TSI_ANG_XX.wav,1065_TSI_ANG_XX.wav,1065,test,3,angry,3,angry,0.9705209732055664
/Users/prarthanapatel/Desktop/Himanshi/speech_emotion_detection-develop-v2/cremad_preprocessed/audio/1065_TSI_DIS_XX.wav,1065_TSI_DIS_XX.wav,1065,test,5,disgust,1,happy,0.42492198944091797
/Users/prarthanapatel/Desktop/Himanshi/speech_emotion_detection-develop-v2/cremad_preprocessed/audio/1065_TSI_FEA_XX.wav,1065_TSI_FEA_XX.wav,1065,test,4,fearful,4,fearful,0.6334182620048523
/Users/prarthanapatel/Desktop/Himanshi/speech_emotion_detection-develop-v2/cremad_preprocessed/audio/1065_TSI_HAP_XX.wav,1065_TSI_HAP_XX.wav,1065,test,1,happy,4,fearful,0.4833175837993622
/Users/prarthanapatel/Desktop/Himanshi/speech_emotion_detection-develop-v2/cremad_preprocessed/audio/1065_TSI_NEU_XX.wav,1065_TSI_NEU_XX.wav,1065,test,0,neutral,0,neutral,0.9494357705116272
/Users/prarthanapatel/Desktop/Himanshi/speech_emotion_detection-develop-v2/cremad_preprocessed/audio/1065_TSI_SAD_XX.wav,1065_TSI_SAD_XX.wav,1065,test,2,sad,2,sad,0.8415201902389526
/Users/prarthanapatel/Desktop/Himanshi/speech_emotion_detection-develop-v2/cremad_preprocessed/audio/1065_WSI_ANG_XX.wav,1065_WSI_ANG_XX.wav,1065,test,3,angry,3,angry,0.9686724543571472
/Users/prarthanapatel/Desktop/Himanshi/speech_emotion_detection-develop-v2/cremad_preprocessed/audio/1065_WSI_DIS_XX.wav,1065_WSI_DIS_XX.wav,1065,test,5,disgust,4,fearful,0.5473998785018921
/Users/prarthanapatel/Desktop/Himanshi/speech_emotion_detection-develop-v2/cremad_preprocessed/audio/1065_WSI_FEA_XX.wav,1065_WSI_FEA_XX.wav,1065,test,4,fearful,1,happy,0.4004880487918854
/Users/prarthanapatel/Desktop/Himanshi/speech_emotion_detection-develop-v2/cremad_preprocessed/audio/1065_WSI_HAP_XX.wav,1065_WSI_HAP_XX.wav,1065,test,1,happy,1,happy,0.6588059663772583
/Users/prarthanapatel/Desktop/Himanshi/speech_emotion_detection-develop-v2/cremad_preprocessed/audio/1065_WSI_NEU_XX.wav,1065_WSI_NEU_XX.wav,1065,test,0,neutral,0,neutral,0.9534935355186462
/Users/prarthanapatel/Desktop/Himanshi/speech_emotion_detection-develop-v2/cremad_preprocessed/audio/1065_WSI_SAD_XX.wav,1065_WSI_SAD_XX.wav,1065,test,2,sad,0,neutral,0.885586678981781
/Users/prarthanapatel/Desktop/Himanshi/speech_emotion_detection-develop-v2/cremad_preprocessed/audio/1066_DFA_ANG_XX.wav,1066_DFA_ANG_XX.wav,1066,test,3,angry,3,angry,0.819589376449585
/Users/prarthanapatel/Desktop/Himanshi/speech_emotion_detection-develop-v2/cremad_preprocessed/audio/1066_DFA_DIS_XX.wav,1066_DFA_DIS_XX.wav,1066,test,5,disgust,2,sad,0.5425155758857727
/Users/prarthanapatel/Desktop/Himanshi/speech_emotion_detection-develop-v2/cremad_preprocessed/audio/1066_DFA_FEA_XX.wav,1066_DFA_FEA_XX.wav,1066,test,4,fearful,2,sad,0.5167497992515564
/Users/prarthanapatel/Desktop/Himanshi/speech_emotion_detection-develop-v2/cremad_preprocessed/audio/1066_DFA_HAP_XX.wav,1066_DFA_HAP_XX.wav,1066,test,1,happy,1,happy,0.9545063376426697
/Users/prarthanapatel/Desktop/Himanshi/speech_emotion_detection-develop-v2/cremad_preprocessed/audio/1066_DFA_NEU_XX.wav,1066_DFA_NEU_XX.wav,1066,test,0,neutral,0,neutral,0.8498375415802002
/Users/prarthanapatel/Desktop/Himanshi/speech_emotion_detection-develop-v2/cremad_preprocessed/audio/1066_DFA_SAD_XX.wav,1066_DFA_SAD_XX.wav,1066,test,2,sad,2,sad,0.8156418204307556
/Users/prarthanapatel/Desktop/Himanshi/speech_emotion_detection-develop-v2/cremad_preprocessed/audio/1066_IEO_ANG_HI.wav,1066_IEO_ANG_HI.wav,1066,test,3,angry,3,angry,0.9798994660377502
/Users/prarthanapatel/Desktop/Himanshi/speech_emotion_detection-develop-v2/cremad_preprocessed/audio/1066_IEO_ANG_LO.wav,1066_IEO_ANG_LO.wav,1066,test,3,angry,3,angry,0.5596504211425781
/Users/prarthanapatel/Desktop/Himanshi/speech_emotion_detection-develop-v2/cremad_preprocessed/audio/1066_IEO_ANG_MD.wav,1066_IEO_ANG_MD.wav,1066,test,3,angry,3,angry,0.7930620312690735
/Users/prarthanapatel/Desktop/Himanshi/speech_emotion_detection-develop-v2/cremad_preprocessed/audio/1066_IEO_DIS_HI.wav,1066_IEO_DIS_HI.wav,1066,test,5,disgust,5,disgust,0.687964677810669
/Users/prarthanapatel/Desktop/Himanshi/speech_emotion_detection-develop-v2/cremad_preprocessed/audio/1066_IEO_DIS_LO.wav,1066_IEO_DIS_LO.wav,1066,test,5,disgust,5,disgust,0.44745850563049316
/Users/prarthanapatel/Desktop/Himanshi/speech_emotion_detection-develop-v2/cremad_preprocessed/audio/1066_IEO_DIS_MD.wav,1066_IEO_DIS_MD.wav,1066,test,5,disgust,5,disgust,0.8899851441383362
/Users/prarthanapatel/Desktop/Himanshi/speech_emotion_detection-develop-v2/cremad_preprocessed/audio/1066_IEO_FEA_HI.wav,1066_IEO_FEA_HI.wav,1066,test,4,fearful,3,angry,0.4102105498313904
/Users/prarthanapatel/Desktop/Himanshi/speech_emotion_detection-develop-v2/cremad_preprocessed/audio/1066_IEO_FEA_LO.wav,1066_IEO_FEA_LO.wav,1066,test,4,fearful,2,sad,0.7126150131225586
/Users/prarthanapatel/Desktop/Himanshi/speech_emotion_detection-develop-v2/cremad_preprocessed/audio/1066_IEO_FEA_MD.wav,1066_IEO_FEA_MD.wav,1066,test,4,fearful,2,sad,0.5816400647163391
/Users/prarthanapatel/Desktop/Himanshi/speech_emotion_detection-develop-v2/cremad_preprocessed/audio/1066_IEO_HAP_HI.wav,1066_IEO_HAP_HI.wav,1066,test,1,happy,1,happy,0.7683595418930054
/Users/prarthanapatel/Desktop/Himanshi/speech_emotion_detection-develop-v2/cremad_preprocessed/audio/1066_IEO_HAP_LO.wav,1066_IEO_HAP_LO.wav,1066,test,1,happy,0,neutral,0.48071885108947754
/Users/prarthanapatel/Desktop/Himanshi/speech_emotion_detection-develop-v2/cremad_preprocessed/audio/1066_IEO_HAP_MD.wav,1066_IEO_HAP_MD.wav,1066,test,1,happy,1,happy,0.37594619393348694
/Users/prarthanapatel/Desktop/Himanshi/speech_emotion_detection-develop-v2/cremad_preprocessed/audio/1066_IEO_NEU_XX.wav,1066_IEO_NEU_XX.wav,1066,test,0,neutral,0,neutral,0.8226092457771301
/Users/prarthanapatel/Desktop/Himanshi/speech_emotion_detection-develop-v2/cremad_preprocessed/audio/1066_IEO_SAD_HI.wav,1066_IEO_SAD_HI.wav,1066,test,2,sad,2,sad,0.7503092288970947
/Users/prarthanapatel/Desktop/Himanshi/speech_emotion_detection-develop-v2/cremad_preprocessed/audio/1066_IEO_SAD_LO.wav,1066_IEO_SAD_LO.wav,1066,test,2,sad,2,sad,0.6867508888244629
/Users/prarthanapatel/Desktop/Himanshi/speech_emotion_detection-develop-v2/cremad_preprocessed/audio/1066_IEO_SAD_MD.wav,1066_IEO_SAD_MD.wav,1066,test,2,sad,2,sad,0.6871297955513
/Users/prarthanapatel/Desktop/Himanshi/speech_emotion_detection-develop-v2/cremad_preprocessed/audio/1066_IOM_ANG_XX.wav,1066_IOM_ANG_XX.wav,1066,test,3,angry,3,angry,0.7493390440940857
/Users/prarthanapatel/Desktop/Himanshi/speech_emotion_detection-develop-v2/cremad_preprocessed/audio/1066_IOM_DIS_XX.wav,1066_IOM_DIS_XX.wav,1066,test,5,disgust,2,sad,0.5630093216896057
/Users/prarthanapatel/Desktop/Himanshi/speech_emotion_detection-develop-v2/cremad_preprocessed/audio/1066_IOM_FEA_XX.wav,1066_IOM_FEA_XX.wav,1066,test,4,fearful,2,sad,0.6100977063179016
/Users/prarthanapatel/Desktop/Himanshi/speech_emotion_detection-develop-v2/cremad_preprocessed/audio/1066_IOM_HAP_XX.wav,1066_IOM_HAP_XX.wav,1066,test,1,happy,1,happy,0.9304807186126709
/Users/prarthanapatel/Desktop/Himanshi/speech_emotion_detection-develop-v2/cremad_preprocessed/audio/1066_IOM_NEU_XX.wav,1066_IOM_NEU_XX.wav,1066,test,0,neutral,2,sad,0.409207284450531
/Users/prarthanapatel/Desktop/Himanshi/speech_emotion_detection-develop-v2/cremad_preprocessed/audio/1066_IOM_SAD_XX.wav,1066_IOM_SAD_XX.wav,1066,test,2,sad,2,sad,0.6088957190513611
/Users/prarthanapatel/Desktop/Himanshi/speech_emotion_detection-develop-v2/cremad_preprocessed/audio/1066_ITH_ANG_XX.wav,1066_ITH_ANG_XX.wav,1066,test,3,angry,1,happy,0.36206695437431335
/Users/prarthanapatel/Desktop/Himanshi/speech_emotion_detection-develop-v2/cremad_preprocessed/audio/1066_ITH_DIS_XX.wav,1066_ITH_DIS_XX.wav,1066,test,5,disgust,5,disgust,0.8684564828872681
/Users/prarthanapatel/Desktop/Himanshi/speech_emotion_detection-develop-v2/cremad_preprocessed/audio/1066_ITH_FEA_XX.wav,1066_ITH_FEA_XX.wav,1066,test,4,fearful,2,sad,0.46178460121154785
/Users/prarthanapatel/Desktop/Himanshi/speech_emotion_detection-develop-v2/cremad_preprocessed/audio/1066_ITH_HAP_XX.wav,1066_ITH_HAP_XX.wav,1066,test,1,happy,1,happy,0.8679197430610657
/Users/prarthanapatel/Desktop/Himanshi/speech_emotion_detection-develop-v2/cremad_preprocessed/audio/1066_ITH_NEU_XX.wav,1066_ITH_NEU_XX.wav,1066,test,0,neutral,0,neutral,0.8868013620376587
/Users/prarthanapatel/Desktop/Himanshi/speech_emotion_detection-develop-v2/cremad_preprocessed/audio/1066_ITH_SAD_XX.wav,1066_ITH_SAD_XX.wav,1066,test,2,sad,2,sad,0.7450186014175415
/Users/prarthanapatel/Desktop/Himanshi/speech_emotion_detection-develop-v2/cremad_preprocessed/audio/1066_ITS_ANG_XX.wav,1066_ITS_ANG_XX.wav,1066,test,3,angry,5,disgust,0.6494560837745667
/Users/prarthanapatel/Desktop/Himanshi/speech_emotion_detection-develop-v2/cremad_preprocessed/audio/1066_ITS_DIS_XX.wav,1066_ITS_DIS_XX.wav,1066,test,5,disgust,4,fearful,0.6245390772819519
/Users/prarthanapatel/Desktop/Himanshi/speech_emotion_detection-develop-v2/cremad_preprocessed/audio/1066_ITS_FEA_XX.wav,1066_ITS_FEA_XX.wav,1066,test,4,fearful,4,fearful,0.4812873601913452
/Users/prarthanapatel/Desktop/Himanshi/speech_emotion_detection-develop-v2/cremad_preprocessed/audio/1066_ITS_HAP_XX.wav,1066_ITS_HAP_XX.wav,1066,test,1,happy,1,happy,0.9511800408363342
/Users/prarthanapatel/Desktop/Himanshi/speech_emotion_detection-develop-v2/cremad_preprocessed/audio/1066_ITS_NEU_XX.wav,1066_ITS_NEU_XX.wav,1066,test,0,neutral,0,neutral,0.7791832685470581
/Users/prarthanapatel/Desktop/Himanshi/speech_emotion_detection-develop-v2/cremad_preprocessed/audio/1066_ITS_SAD_XX.wav,1066_ITS_SAD_XX.wav,1066,test,2,sad,2,sad,0.690192461013794
/Users/prarthanapatel/Desktop/Himanshi/speech_emotion_detection-develop-v2/cremad_preprocessed/audio/1066_IWL_ANG_XX.wav,1066_IWL_ANG_XX.wav,1066,test,3,angry,3,angry,0.9821298122406006
/Users/prarthanapatel/Desktop/Himanshi/speech_emotion_detection-develop-v2/cremad_preprocessed/audio/1066_IWL_DIS_XX.wav,1066_IWL_DIS_XX.wav,1066,test,5,disgust,5,disgust,0.39645108580589294
/Users/prarthanapatel/Desktop/Himanshi/speech_emotion_detection-develop-v2/cremad_preprocessed/audio/1066_IWL_FEA_XX.wav,1066_IWL_FEA_XX.wav,1066,test,4,fearful,4,fearful,0.6426206231117249
/Users/prarthanapatel/Desktop/Himanshi/speech_emotion_detection-develop-v2/cremad_preprocessed/audio/1066_IWL_HAP_XX.wav,1066_IWL_HAP_XX.wav,1066,test,1,happy,4,fearful,0.4673102796077728
/Users/prarthanapatel/Desktop/Himanshi/speech_emotion_detection-develop-v2/cremad_preprocessed/audio/1066_IWL_NEU_XX.wav,1066_IWL_NEU_XX.wav,1066,test,0,neutral,0,neutral,0.9435485005378723
/Users/prarthanapatel/Desktop/Himanshi/speech_emotion_detection-develop-v2/cremad_preprocessed/audio/1066_IWL_SAD_XX.wav,1066_IWL_SAD_XX.wav,1066,test,2,sad,2,sad,0.6950421333312988
/Users/prarthanapatel/Desktop/Himanshi/speech_emotion_detection-develop-v2/cremad_preprocessed/audio/1066_IWW_ANG_XX.wav,1066_IWW_ANG_XX.wav,1066,test,3,angry,3,angry,0.4862358272075653
/Users/prarthanapatel/Desktop/Himanshi/speech_emotion_detection-develop-v2/cremad_preprocessed/audio/1066_IWW_DIS_XX.wav,1066_IWW_DIS_XX.wav,1066,test,5,disgust,4,fearful,0.49910491704940796
/Users/prarthanapatel/Desktop/Himanshi/speech_emotion_detection-develop-v2/cremad_preprocessed/audio/1066_IWW_FEA_XX.wav,1066_IWW_FEA_XX.wav,1066,test,4,fearful,4,fearful,0.5010296106338501
/Users/prarthanapatel/Desktop/Himanshi/speech_emotion_detection-develop-v2/cremad_preprocessed/audio/1066_IWW_HAP_XX.wav,1066_IWW_HAP_XX.wav,1066,test,1,happy,1,happy,0.7340474724769592
/Users/prarthanapatel/Desktop/Himanshi/speech_emotion_detection-develop-v2/cremad_preprocessed/audio/1066_IWW_NEU_XX.wav,1066_IWW_NEU_XX.wav,1066,test,0,neutral,0,neutral,0.7765301465988159
/Users/prarthanapatel/Desktop/Himanshi/speech_emotion_detection-develop-v2/cremad_preprocessed/audio/1066_IWW_SAD_XX.wav,1066_IWW_SAD_XX.wav,1066,test,2,sad,2,sad,0.8476524949073792
/Users/prarthanapatel/Desktop/Himanshi/speech_emotion_detection-develop-v2/cremad_preprocessed/audio/1066_MTI_ANG_XX.wav,1066_MTI_ANG_XX.wav,1066,test,3,angry,3,angry,0.9753342270851135
/Users/prarthanapatel/Desktop/Himanshi/speech_emotion_detection-develop-v2/cremad_preprocessed/audio/1066_MTI_DIS_XX.wav,1066_MTI_DIS_XX.wav,1066,test,5,disgust,5,disgust,0.39536163210868835
/Users/prarthanapatel/Desktop/Himanshi/speech_emotion_detection-develop-v2/cremad_preprocessed/audio/1066_MTI_FEA_XX.wav,1066_MTI_FEA_XX.wav,1066,test,4,fearful,4,fearful,0.401419460773468
/Users/prarthanapatel/Desktop/Himanshi/speech_emotion_detection-develop-v2/cremad_preprocessed/audio/1066_MTI_HAP_XX.wav,1066_MTI_HAP_XX.wav,1066,test,1,happy,1,happy,0.950109601020813
/Users/prarthanapatel/Desktop/Himanshi/speech_emotion_detection-develop-v2/cremad_preprocessed/audio/1066_MTI_NEU_XX.wav,1066_MTI_NEU_XX.wav,1066,test,0,neutral,0,neutral,0.4916295111179352
/Users/prarthanapatel/Desktop/Himanshi/speech_emotion_detection-develop-v2/cremad_preprocessed/audio/1066_MTI_SAD_XX.wav,1066_MTI_SAD_XX.wav,1066,test,2,sad,2,sad,0.49998077750205994
/Users/prarthanapatel/Desktop/Himanshi/speech_emotion_detection-develop-v2/cremad_preprocessed/audio/1066_TAI_ANG_XX.wav,1066_TAI_ANG_XX.wav,1066,test,3,angry,3,angry,0.884669840335846
/Users/prarthanapatel/Desktop/Himanshi/speech_emotion_detection-develop-v2/cremad_preprocessed/audio/1066_TAI_DIS_XX.wav,1066_TAI_DIS_XX.wav,1066,test,5,disgust,5,disgust,0.9145339131355286
/Users/prarthanapatel/Desktop/Himanshi/speech_emotion_detection-develop-v2/cremad_preprocessed/audio/1066_TAI_FEA_XX.wav,1066_TAI_FEA_XX.wav,1066,test,4,fearful,2,sad,0.4349755644798279
/Users/prarthanapatel/Desktop/Himanshi/speech_emotion_detection-develop-v2/cremad_preprocessed/audio/1066_TAI_HAP_XX.wav,1066_TAI_HAP_XX.wav,1066,test,1,happy,0,neutral,0.44917553663253784
/Users/prarthanapatel/Desktop/Himanshi/speech_emotion_detection-develop-v2/cremad_preprocessed/audio/1066_TAI_NEU_XX.wav,1066_TAI_NEU_XX.wav,1066,test,0,neutral,0,neutral,0.8573188185691833
/Users/prarthanapatel/Desktop/Himanshi/speech_emotion_detection-develop-v2/cremad_preprocessed/audio/1066_TAI_SAD_XX.wav,1066_TAI_SAD_XX.wav,1066,test,2,sad,2,sad,0.6136243343353271
/Users/prarthanapatel/Desktop/Himanshi/speech_emotion_detection-develop-v2/cremad_preprocessed/audio/1066_TIE_ANG_XX.wav,1066_TIE_ANG_XX.wav,1066,test,3,angry,1,happy,0.6374222636222839
/Users/prarthanapatel/Desktop/Himanshi/speech_emotion_detection-develop-v2/cremad_preprocessed/audio/1066_TIE_DIS_XX.wav,1066_TIE_DIS_XX.wav,1066,test,5,disgust,5,disgust,0.510512113571167
/Users/prarthanapatel/Desktop/Himanshi/speech_emotion_detection-develop-v2/cremad_preprocessed/audio/1066_TIE_FEA_XX.wav,1066_TIE_FEA_XX.wav,1066,test,4,fearful,0,neutral,0.544153094291687
/Users/prarthanapatel/Desktop/Himanshi/speech_emotion_detection-develop-v2/cremad_preprocessed/audio/1066_TIE_HAP_XX.wav,1066_TIE_HAP_XX.wav,1066,test,1,happy,1,happy,0.6388390064239502
/Users/prarthanapatel/Desktop/Himanshi/speech_emotion_detection-develop-v2/cremad_preprocessed/audio/1066_TIE_NEU_XX.wav,1066_TIE_NEU_XX.wav,1066,test,0,neutral,2,sad,0.5226634740829468
/Users/prarthanapatel/Desktop/Himanshi/speech_emotion_detection-develop-v2/cremad_preprocessed/audio/1066_TIE_SAD_XX.wav,1066_TIE_SAD_XX.wav,1066,test,2,sad,2,sad,0.7239418625831604
/Users/prarthanapatel/Desktop/Himanshi/speech_emotion_detection-develop-v2/cremad_preprocessed/audio/1066_TSI_ANG_XX.wav,1066_TSI_ANG_XX.wav,1066,test,3,angry,3,angry,0.9536256194114685
/Users/prarthanapatel/Desktop/Himanshi/speech_emotion_detection-develop-v2/cremad_preprocessed/audio/1066_TSI_DIS_XX.wav,1066_TSI_DIS_XX.wav,1066,test,5,disgust,5,disgust,0.9362553954124451
/Users/prarthanapatel/Desktop/Himanshi/speech_emotion_detection-develop-v2/cremad_preprocessed/audio/1066_TSI_FEA_XX.wav,1066_TSI_FEA_XX.wav,1066,test,4,fearful,4,fearful,0.71613609790802
/Users/prarthanapatel/Desktop/Himanshi/speech_emotion_detection-develop-v2/cremad_preprocessed/audio/1066_TSI_HAP_XX.wav,1066_TSI_HAP_XX.wav,1066,test,1,happy,1,happy,0.7672657370567322
/Users/prarthanapatel/Desktop/Himanshi/speech_emotion_detection-develop-v2/cremad_preprocessed/audio/1066_TSI_NEU_XX.wav,1066_TSI_NEU_XX.wav,1066,test,0,neutral,0,neutral,0.9272251725196838
/Users/prarthanapatel/Desktop/Himanshi/speech_emotion_detection-develop-v2/cremad_preprocessed/audio/1066_TSI_SAD_XX.wav,1066_TSI_SAD_XX.wav,1066,test,2,sad,2,sad,0.6415349841117859
/Users/prarthanapatel/Desktop/Himanshi/speech_emotion_detection-develop-v2/cremad_preprocessed/audio/1066_WSI_ANG_XX.wav,1066_WSI_ANG_XX.wav,1066,test,3,angry,3,angry,0.9703441858291626
/Users/prarthanapatel/Desktop/Himanshi/speech_emotion_detection-develop-v2/cremad_preprocessed/audio/1066_WSI_DIS_XX.wav,1066_WSI_DIS_XX.wav,1066,test,5,disgust,5,disgust,0.8317528367042542
/Users/prarthanapatel/Desktop/Himanshi/speech_emotion_detection-develop-v2/cremad_preprocessed/audio/1066_WSI_FEA_XX.wav,1066_WSI_FEA_XX.wav,1066,test,4,fearful,2,sad,0.6088241338729858
/Users/prarthanapatel/Desktop/Himanshi/speech_emotion_detection-develop-v2/cremad_preprocessed/audio/1066_WSI_HAP_XX.wav,1066_WSI_HAP_XX.wav,1066,test,1,happy,1,happy,0.4323948919773102
/Users/prarthanapatel/Desktop/Himanshi/speech_emotion_detection-develop-v2/cremad_preprocessed/audio/1066_WSI_NEU_XX.wav,1066_WSI_NEU_XX.wav,1066,test,0,neutral,0,neutral,0.932848334312439
/Users/prarthanapatel/Desktop/Himanshi/speech_emotion_detection-develop-v2/cremad_preprocessed/audio/1066_WSI_SAD_XX.wav,1066_WSI_SAD_XX.wav,1066,test,2,sad,2,sad,0.7417946457862854
/Users/prarthanapatel/Desktop/Himanshi/speech_emotion_detection-develop-v2/cremad_preprocessed/audio/1067_DFA_ANG_XX.wav,1067_DFA_ANG_XX.wav,1067,test,3,angry,4,fearful,0.5992563962936401
/Users/prarthanapatel/Desktop/Himanshi/speech_emotion_detection-develop-v2/cremad_preprocessed/audio/1067_DFA_DIS_XX.wav,1067_DFA_DIS_XX.wav,1067,test,5,disgust,5,disgust,0.5393316745758057
/Users/prarthanapatel/Desktop/Himanshi/speech_emotion_detection-develop-v2/cremad_preprocessed/audio/1067_DFA_FEA_XX.wav,1067_DFA_FEA_XX.wav,1067,test,4,fearful,4,fearful,0.8688188791275024
/Users/prarthanapatel/Desktop/Himanshi/speech_emotion_detection-develop-v2/cremad_preprocessed/audio/1067_DFA_HAP_XX.wav,1067_DFA_HAP_XX.wav,1067,test,1,happy,4,fearful,0.8135400414466858
/Users/prarthanapatel/Desktop/Himanshi/speech_emotion_detection-develop-v2/cremad_preprocessed/audio/1067_DFA_NEU_XX.wav,1067_DFA_NEU_XX.wav,1067,test,0,neutral,4,fearful,0.6854540705680847
/Users/prarthanapatel/Desktop/Himanshi/speech_emotion_detection-develop-v2/cremad_preprocessed/audio/1067_DFA_SAD_XX.wav,1067_DFA_SAD_XX.wav,1067,test,2,sad,2,sad,0.5473499298095703
/Users/prarthanapatel/Desktop/Himanshi/speech_emotion_detection-develop-v2/cremad_preprocessed/audio/1067_IEO_ANG_HI.wav,1067_IEO_ANG_HI.wav,1067,test,3,angry,4,fearful,0.6959992051124573
/Users/prarthanapatel/Desktop/Himanshi/speech_emotion_detection-develop-v2/cremad_preprocessed/audio/1067_IEO_ANG_LO.wav,1067_IEO_ANG_LO.wav,1067,test,3,angry,1,happy,0.7446967363357544
/Users/prarthanapatel/Desktop/Himanshi/speech_emotion_detection-develop-v2/cremad_preprocessed/audio/1067_IEO_ANG_MD.wav,1067_IEO_ANG_MD.wav,1067,test,3,angry,1,happy,0.39083191752433777
/Users/prarthanapatel/Desktop/Himanshi/speech_emotion_detection-develop-v2/cremad_preprocessed/audio/1067_IEO_DIS_HI.wav,1067_IEO_DIS_HI.wav,1067,test,5,disgust,5,disgust,0.6548411250114441
/Users/prarthanapatel/Desktop/Himanshi/speech_emotion_detection-develop-v2/cremad_preprocessed/audio/1067_IEO_DIS_LO.wav,1067_IEO_DIS_LO.wav,1067,test,5,disgust,5,disgust,0.39528706669807434
/Users/prarthanapatel/Desktop/Himanshi/speech_emotion_detection-develop-v2/cremad_preprocessed/audio/1067_IEO_DIS_MD.wav,1067_IEO_DIS_MD.wav,1067,test,5,disgust,5,disgust,0.7787636518478394
/Users/prarthanapatel/Desktop/Himanshi/speech_emotion_detection-develop-v2/cremad_preprocessed/audio/1067_IEO_FEA_HI.wav,1067_IEO_FEA_HI.wav,1067,test,4,fearful,4,fearful,0.925263524055481
/Users/prarthanapatel/Desktop/Himanshi/speech_emotion_detection-develop-v2/cremad_preprocessed/audio/1067_IEO_FEA_LO.wav,1067_IEO_FEA_LO.wav,1067,test,4,fearful,5,disgust,0.3912651538848877
/Users/prarthanapatel/Desktop/Himanshi/speech_emotion_detection-develop-v2/cremad_preprocessed/audio/1067_IEO_FEA_MD.wav,1067_IEO_FEA_MD.wav,1067,test,4,fearful,4,fearful,0.7530100345611572
/Users/prarthanapatel/Desktop/Himanshi/speech_emotion_detection-develop-v2/cremad_preprocessed/audio/1067_IEO_HAP_HI.wav,1067_IEO_HAP_HI.wav,1067,test,1,happy,4,fearful,0.7547643184661865
/Users/prarthanapatel/Desktop/Himanshi/speech_emotion_detection-develop-v2/cremad_preprocessed/audio/1067_IEO_HAP_LO.wav,1067_IEO_HAP_LO.wav,1067,test,1,happy,4,fearful,0.5773422122001648
/Users/prarthanapatel/Desktop/Himanshi/speech_emotion_detection-develop-v2/cremad_preprocessed/audio/1067_IEO_HAP_MD.wav,1067_IEO_HAP_MD.wav,1067,test,1,happy,1,happy,0.3465993404388428
/Users/prarthanapatel/Desktop/Himanshi/speech_emotion_detection-develop-v2/cremad_preprocessed/audio/1067_IEO_NEU_XX.wav,1067_IEO_NEU_XX.wav,1067,test,0,neutral,4,fearful,0.36999133229255676
/Users/prarthanapatel/Desktop/Himanshi/speech_emotion_detection-develop-v2/cremad_preprocessed/audio/1067_IEO_SAD_HI.wav,1067_IEO_SAD_HI.wav,1067,test,2,sad,4,fearful,0.7657126784324646
/Users/prarthanapatel/Desktop/Himanshi/speech_emotion_detection-develop-v2/cremad_preprocessed/audio/1067_IEO_SAD_LO.wav,1067_IEO_SAD_LO.wav,1067,test,2,sad,5,disgust,0.3373515009880066
/Users/prarthanapatel/Desktop/Himanshi/speech_emotion_detection-develop-v2/cremad_preprocessed/audio/1067_IEO_SAD_MD.wav,1067_IEO_SAD_MD.wav,1067,test,2,sad,4,fearful,0.4896078407764435
/Users/prarthanapatel/Desktop/Himanshi/speech_emotion_detection-develop-v2/cremad_preprocessed/audio/1067_IOM_ANG_XX.wav,1067_IOM_ANG_XX.wav,1067,test,3,angry,3,angry,0.8366810083389282
/Users/prarthanapatel/Desktop/Himanshi/speech_emotion_detection-develop-v2/cremad_preprocessed/audio/1067_IOM_DIS_XX.wav,1067_IOM_DIS_XX.wav,1067,test,5,disgust,2,sad,0.6757486462593079
/Users/prarthanapatel/Desktop/Himanshi/speech_emotion_detection-develop-v2/cremad_preprocessed/audio/1067_IOM_FEA_XX.wav,1067_IOM_FEA_XX.wav,1067,test,4,fearful,4,fearful,0.7683206796646118
/Users/prarthanapatel/Desktop/Himanshi/speech_emotion_detection-develop-v2/cremad_preprocessed/audio/1067_IOM_HAP_XX.wav,1067_IOM_HAP_XX.wav,1067,test,1,happy,4,fearful,0.31951016187667847
/Users/prarthanapatel/Desktop/Himanshi/speech_emotion_detection-develop-v2/cremad_preprocessed/audio/1067_IOM_NEU_XX.wav,1067_IOM_NEU_XX.wav,1067,test,0,neutral,4,fearful,0.3677893579006195
/Users/prarthanapatel/Desktop/Himanshi/speech_emotion_detection-develop-v2/cremad_preprocessed/audio/1067_IOM_SAD_XX.wav,1067_IOM_SAD_XX.wav,1067,test,2,sad,4,fearful,0.5688865184783936
/Users/prarthanapatel/Desktop/Himanshi/speech_emotion_detection-develop-v2/cremad_preprocessed/audio/1067_ITH_ANG_XX.wav,1067_ITH_ANG_XX.wav,1067,test,3,angry,4,fearful,0.7380986213684082
/Users/prarthanapatel/Desktop/Himanshi/speech_emotion_detection-develop-v2/cremad_preprocessed/audio/1067_ITH_DIS_XX.wav,1067_ITH_DIS_XX.wav,1067,test,5,disgust,5,disgust,0.4054696261882782
/Users/prarthanapatel/Desktop/Himanshi/speech_emotion_detection-develop-v2/cremad_preprocessed/audio/1067_ITH_FEA_XX.wav,1067_ITH_FEA_XX.wav,1067,test,4,fearful,4,fearful,0.524659276008606
/Users/prarthanapatel/Desktop/Himanshi/speech_emotion_detection-develop-v2/cremad_preprocessed/audio/1067_ITH_HAP_XX.wav,1067_ITH_HAP_XX.wav,1067,test,1,happy,1,happy,0.7794773578643799
/Users/prarthanapatel/Desktop/Himanshi/speech_emotion_detection-develop-v2/cremad_preprocessed/audio/1067_ITH_NEU_XX.wav,1067_ITH_NEU_XX.wav,1067,test,0,neutral,4,fearful,0.40655261278152466
/Users/prarthanapatel/Desktop/Himanshi/speech_emotion_detection-develop-v2/cremad_preprocessed/audio/1067_ITH_SAD_XX.wav,1067_ITH_SAD_XX.wav,1067,test,2,sad,2,sad,0.5219101905822754
/Users/prarthanapatel/Desktop/Himanshi/speech_emotion_detection-develop-v2/cremad_preprocessed/audio/1067_ITS_ANG_XX.wav,1067_ITS_ANG_XX.wav,1067,test,3,angry,3,angry,0.8546581864356995
/Users/prarthanapatel/Desktop/Himanshi/speech_emotion_detection-develop-v2/cremad_preprocessed/audio/1067_ITS_DIS_XX.wav,1067_ITS_DIS_XX.wav,1067,test,5,disgust,5,disgust,0.3750171363353729
/Users/prarthanapatel/Desktop/Himanshi/speech_emotion_detection-develop-v2/cremad_preprocessed/audio/1067_ITS_FEA_XX.wav,1067_ITS_FEA_XX.wav,1067,test,4,fearful,4,fearful,0.7246718406677246
/Users/prarthanapatel/Desktop/Himanshi/speech_emotion_detection-develop-v2/cremad_preprocessed/audio/1067_ITS_HAP_XX.wav,1067_ITS_HAP_XX.wav,1067,test,1,happy,2,sad,0.4020024538040161
/Users/prarthanapatel/Desktop/Himanshi/speech_emotion_detection-develop-v2/cremad_preprocessed/audio/1067_ITS_NEU_XX.wav,1067_ITS_NEU_XX.wav,1067,test,0,neutral,4,fearful,0.3887697160243988
/Users/prarthanapatel/Desktop/Himanshi/speech_emotion_detection-develop-v2/cremad_preprocessed/audio/1067_ITS_SAD_XX.wav,1067_ITS_SAD_XX.wav,1067,test,2,sad,4,fearful,0.7643281817436218
/Users/prarthanapatel/Desktop/Himanshi/speech_emotion_detection-develop-v2/cremad_preprocessed/audio/1067_IWL_ANG_XX.wav,1067_IWL_ANG_XX.wav,1067,test,3,angry,5,disgust,0.48578011989593506
/Users/prarthanapatel/Desktop/Himanshi/speech_emotion_detection-develop-v2/cremad_preprocessed/audio/1067_IWL_DIS_XX.wav,1067_IWL_DIS_XX.wav,1067,test,5,disgust,5,disgust,0.6864932775497437
/Users/prarthanapatel/Desktop/Himanshi/speech_emotion_detection-develop-v2/cremad_preprocessed/audio/1067_IWL_FEA_XX.wav,1067_IWL_FEA_XX.wav,1067,test,4,fearful,4,fearful,0.3580557107925415
/Users/prarthanapatel/Desktop/Himanshi/speech_emotion_detection-develop-v2/cremad_preprocessed/audio/1067_IWL_HAP_XX.wav,1067_IWL_HAP_XX.wav,1067,test,1,happy,1,happy,0.8287348747253418
/Users/prarthanapatel/Desktop/Himanshi/speech_emotion_detection-develop-v2/cremad_preprocessed/audio/1067_IWL_NEU_XX.wav,1067_IWL_NEU_XX.wav,1067,test,0,neutral,1,happy,0.36723822355270386
/Users/prarthanapatel/Desktop/Himanshi/speech_emotion_detection-develop-v2/cremad_preprocessed/audio/1067_IWL_SAD_XX.wav,1067_IWL_SAD_XX.wav,1067,test,2,sad,4,fearful,0.6281840801239014
/Users/prarthanapatel/Desktop/Himanshi/speech_emotion_detection-develop-v2/cremad_preprocessed/audio/1067_IWW_ANG_XX.wav,1067_IWW_ANG_XX.wav,1067,test,3,angry,4,fearful,0.533445417881012
/Users/prarthanapatel/Desktop/Himanshi/speech_emotion_detection-develop-v2/cremad_preprocessed/audio/1067_IWW_DIS_XX.wav,1067_IWW_DIS_XX.wav,1067,test,5,disgust,5,disgust,0.40383946895599365
/Users/prarthanapatel/Desktop/Himanshi/speech_emotion_detection-develop-v2/cremad_preprocessed/audio/1067_IWW_FEA_XX.wav,1067_IWW_FEA_XX.wav,1067,test,4,fearful,4,fearful,0.8721858263015747
/Users/prarthanapatel/Desktop/Himanshi/speech_emotion_detection-develop-v2/cremad_preprocessed/audio/1067_IWW_HAP_XX.wav,1067_IWW_HAP_XX.wav,1067,test,1,happy,4,fearful,0.8274434208869934
/Users/prarthanapatel/Desktop/Himanshi/speech_emotion_detection-develop-v2/cremad_preprocessed/audio/1067_IWW_NEU_XX.wav,1067_IWW_NEU_XX.wav,1067,test,0,neutral,4,fearful,0.6798766255378723
/Users/prarthanapatel/Desktop/Himanshi/speech_emotion_detection-develop-v2/cremad_preprocessed/audio/1067_IWW_SAD_XX.wav,1067_IWW_SAD_XX.wav,1067,test,2,sad,3,angry,0.5444303154945374
/Users/prarthanapatel/Desktop/Himanshi/speech_emotion_detection-develop-v2/cremad_preprocessed/audio/1067_MTI_ANG_XX.wav,1067_MTI_ANG_XX.wav,1067,test,3,angry,3,angry,0.8051573634147644
/Users/prarthanapatel/Desktop/Himanshi/speech_emotion_detection-develop-v2/cremad_preprocessed/audio/1067_MTI_DIS_XX.wav,1067_MTI_DIS_XX.wav,1067,test,5,disgust,4,fearful,0.7901040315628052
/Users/prarthanapatel/Desktop/Himanshi/speech_emotion_detection-develop-v2/cremad_preprocessed/audio/1067_MTI_FEA_XX.wav,1067_MTI_FEA_XX.wav,1067,test,4,fearful,4,fearful,0.5251604914665222
/Users/prarthanapatel/Desktop/Himanshi/speech_emotion_detection-develop-v2/cremad_preprocessed/audio/1067_MTI_HAP_XX.wav,1067_MTI_HAP_XX.wav,1067,test,1,happy,4,fearful,0.8599958419799805
/Users/prarthanapatel/Desktop/Himanshi/speech_emotion_detection-develop-v2/cremad_preprocessed/audio/1067_MTI_NEU_XX.wav,1067_MTI_NEU_XX.wav,1067,test,0,neutral,0,neutral,0.32940754294395447
/Users/prarthanapatel/Desktop/Himanshi/speech_emotion_detection-develop-v2/cremad_preprocessed/audio/1067_MTI_SAD_XX.wav,1067_MTI_SAD_XX.wav,1067,test,2,sad,2,sad,0.5197384357452393
/Users/prarthanapatel/Desktop/Himanshi/speech_emotion_detection-develop-v2/cremad_preprocessed/audio/1067_TAI_ANG_XX.wav,1067_TAI_ANG_XX.wav,1067,test,3,angry,3,angry,0.8631736636161804
/Users/prarthanapatel/Desktop/Himanshi/speech_emotion_detection-develop-v2/cremad_preprocessed/audio/1067_TAI_DIS_XX.wav,1067_TAI_DIS_XX.wav,1067,test,5,disgust,5,disgust,0.36646372079849243
/Users/prarthanapatel/Desktop/Himanshi/speech_emotion_detection-develop-v2/cremad_preprocessed/audio/1067_TAI_FEA_XX.wav,1067_TAI_FEA_XX.wav,1067,test,4,fearful,4,fearful,0.7246895432472229
/Users/prarthanapatel/Desktop/Himanshi/speech_emotion_detection-develop-v2/cremad_preprocessed/audio/1067_TAI_HAP_XX.wav,1067_TAI_HAP_XX.wav,1067,test,1,happy,4,fearful,0.800152599811554
/Users/prarthanapatel/Desktop/Himanshi/speech_emotion_detection-develop-v2/cremad_preprocessed/audio/1067_TAI_NEU_XX.wav,1067_TAI_NEU_XX.wav,1067,test,0,neutral,4,fearful,0.5761446952819824
/Users/prarthanapatel/Desktop/Himanshi/speech_emotion_detection-develop-v2/cremad_preprocessed/audio/1067_TAI_SAD_XX.wav,1067_TAI_SAD_XX.wav,1067,test,2,sad,2,sad,0.5584090352058411
/Users/prarthanapatel/Desktop/Himanshi/speech_emotion_detection-develop-v2/cremad_preprocessed/audio/1067_TIE_ANG_XX.wav,1067_TIE_ANG_XX.wav,1067,test,3,angry,3,angry,0.4409790635108948
/Users/prarthanapatel/Desktop/Himanshi/speech_emotion_detection-develop-v2/cremad_preprocessed/audio/1067_TIE_DIS_XX.wav,1067_TIE_DIS_XX.wav,1067,test,5,disgust,4,fearful,0.5103170275688171
/Users/prarthanapatel/Desktop/Himanshi/speech_emotion_detection-develop-v2/cremad_preprocessed/audio/1067_TIE_FEA_XX.wav,1067_TIE_FEA_XX.wav,1067,test,4,fearful,4,fearful,0.6168179512023926
/Users/prarthanapatel/Desktop/Himanshi/speech_emotion_detection-develop-v2/cremad_preprocessed/audio/1067_TIE_HAP_XX.wav,1067_TIE_HAP_XX.wav,1067,test,1,happy,4,fearful,0.5973280072212219
/Users/prarthanapatel/Desktop/Himanshi/speech_emotion_detection-develop-v2/cremad_preprocessed/audio/1067_TIE_NEU_XX.wav,1067_TIE_NEU_XX.wav,1067,test,0,neutral,1,happy,0.40643757581710815
/Users/prarthanapatel/Desktop/Himanshi/speech_emotion_detection-develop-v2/cremad_preprocessed/audio/1067_TIE_SAD_XX.wav,1067_TIE_SAD_XX.wav,1067,test,2,sad,4,fearful,0.4877984821796417
/Users/prarthanapatel/Desktop/Himanshi/speech_emotion_detection-develop-v2/cremad_preprocessed/audio/1067_TSI_ANG_XX.wav,1067_TSI_ANG_XX.wav,1067,test,3,angry,3,angry,0.5467135310173035
/Users/prarthanapatel/Desktop/Himanshi/speech_emotion_detection-develop-v2/cremad_preprocessed/audio/1067_TSI_DIS_XX.wav,1067_TSI_DIS_XX.wav,1067,test,5,disgust,4,fearful,0.45261335372924805
/Users/prarthanapatel/Desktop/Himanshi/speech_emotion_detection-develop-v2/cremad_preprocessed/audio/1067_TSI_FEA_XX.wav,1067_TSI_FEA_XX.wav,1067,test,4,fearful,4,fearful,0.9127967357635498
/Users/prarthanapatel/Desktop/Himanshi/speech_emotion_detection-develop-v2/cremad_preprocessed/audio/1067_TSI_HAP_XX.wav,1067_TSI_HAP_XX.wav,1067,test,1,happy,4,fearful,0.7006341218948364
/Users/prarthanapatel/Desktop/Himanshi/speech_emotion_detection-develop-v2/cremad_preprocessed/audio/1067_TSI_NEU_XX.wav,1067_TSI_NEU_XX.wav,1067,test,0,neutral,4,fearful,0.3526732921600342
/Users/prarthanapatel/Desktop/Himanshi/speech_emotion_detection-develop-v2/cremad_preprocessed/audio/1067_TSI_SAD_XX.wav,1067_TSI_SAD_XX.wav,1067,test,2,sad,4,fearful,0.9374047517776489
/Users/prarthanapatel/Desktop/Himanshi/speech_emotion_detection-develop-v2/cremad_preprocessed/audio/1067_WSI_ANG_XX.wav,1067_WSI_ANG_XX.wav,1067,test,3,angry,3,angry,0.7262986302375793
/Users/prarthanapatel/Desktop/Himanshi/speech_emotion_detection-develop-v2/cremad_preprocessed/audio/1067_WSI_DIS_XX.wav,1067_WSI_DIS_XX.wav,1067,test,5,disgust,4,fearful,0.6784923076629639
/Users/prarthanapatel/Desktop/Himanshi/speech_emotion_detection-develop-v2/cremad_preprocessed/audio/1067_WSI_FEA_XX.wav,1067_WSI_FEA_XX.wav,1067,test,4,fearful,4,fearful,0.859498143196106
/Users/prarthanapatel/Desktop/Himanshi/speech_emotion_detection-develop-v2/cremad_preprocessed/audio/1067_WSI_HAP_XX.wav,1067_WSI_HAP_XX.wav,1067,test,1,happy,4,fearful,0.8660252690315247
/Users/prarthanapatel/Desktop/Himanshi/speech_emotion_detection-develop-v2/cremad_preprocessed/audio/1067_WSI_NEU_XX.wav,1067_WSI_NEU_XX.wav,1067,test,0,neutral,4,fearful,0.5743393898010254
/Users/prarthanapatel/Desktop/Himanshi/speech_emotion_detection-develop-v2/cremad_preprocessed/audio/1067_WSI_SAD_XX.wav,1067_WSI_SAD_XX.wav,1067,test,2,sad,2,sad,0.5583897829055786
/Users/prarthanapatel/Desktop/Himanshi/speech_emotion_detection-develop-v2/cremad_preprocessed/audio/1078_DFA_ANG_XX.wav,1078_DFA_ANG_XX.wav,1078,test,3,angry,3,angry,0.9801297783851624
/Users/prarthanapatel/Desktop/Himanshi/speech_emotion_detection-develop-v2/cremad_preprocessed/audio/1078_DFA_DIS_XX.wav,1078_DFA_DIS_XX.wav,1078,test,5,disgust,5,disgust,0.4910920262336731
/Users/prarthanapatel/Desktop/Himanshi/speech_emotion_detection-develop-v2/cremad_preprocessed/audio/1078_DFA_FEA_XX.wav,1078_DFA_FEA_XX.wav,1078,test,4,fearful,4,fearful,0.9022489786148071
/Users/prarthanapatel/Desktop/Himanshi/speech_emotion_detection-develop-v2/cremad_preprocessed/audio/1078_DFA_HAP_XX.wav,1078_DFA_HAP_XX.wav,1078,test,1,happy,1,happy,0.9632055759429932
/Users/prarthanapatel/Desktop/Himanshi/speech_emotion_detection-develop-v2/cremad_preprocessed/audio/1078_DFA_NEU_XX.wav,1078_DFA_NEU_XX.wav,1078,test,0,neutral,0,neutral,0.8019295930862427
/Users/prarthanapatel/Desktop/Himanshi/speech_emotion_detection-develop-v2/cremad_preprocessed/audio/1078_DFA_SAD_XX.wav,1078_DFA_SAD_XX.wav,1078,test,2,sad,2,sad,0.8152559995651245
/Users/prarthanapatel/Desktop/Himanshi/speech_emotion_detection-develop-v2/cremad_preprocessed/audio/1078_IEO_ANG_HI.wav,1078_IEO_ANG_HI.wav,1078,test,3,angry,3,angry,0.8895446062088013
/Users/prarthanapatel/Desktop/Himanshi/speech_emotion_detection-develop-v2/cremad_preprocessed/audio/1078_IEO_ANG_LO.wav,1078_IEO_ANG_LO.wav,1078,test,3,angry,3,angry,0.8334649205207825
/Users/prarthanapatel/Desktop/Himanshi/speech_emotion_detection-develop-v2/cremad_preprocessed/audio/1078_IEO_ANG_MD.wav,1078_IEO_ANG_MD.wav,1078,test,3,angry,3,angry,0.9795086979866028
/Users/prarthanapatel/Desktop/Himanshi/speech_emotion_detection-develop-v2/cremad_preprocessed/audio/1078_IEO_DIS_HI.wav,1078_IEO_DIS_HI.wav,1078,test,5,disgust,5,disgust,0.7933536767959595
/Users/prarthanapatel/Desktop/Himanshi/speech_emotion_detection-develop-v2/cremad_preprocessed/audio/1078_IEO_DIS_LO.wav,1078_IEO_DIS_LO.wav,1078,test,5,disgust,1,happy,0.3935920298099518
/Users/prarthanapatel/Desktop/Himanshi/speech_emotion_detection-develop-v2/cremad_preprocessed/audio/1078_IEO_DIS_MD.wav,1078_IEO_DIS_MD.wav,1078,test,5,disgust,4,fearful,0.45915135741233826
/Users/prarthanapatel/Desktop/Himanshi/speech_emotion_detection-develop-v2/cremad_preprocessed/audio/1078_IEO_FEA_HI.wav,1078_IEO_FEA_HI.wav,1078,test,4,fearful,4,fearful,0.9104852080345154
/Users/prarthanapatel/Desktop/Himanshi/speech_emotion_detection-develop-v2/cremad_preprocessed/audio/1078_IEO_FEA_LO.wav,1078_IEO_FEA_LO.wav,1078,test,4,fearful,4,fearful,0.7790329456329346
/Users/prarthanapatel/Desktop/Himanshi/speech_emotion_detection-develop-v2/cremad_preprocessed/audio/1078_IEO_FEA_MD.wav,1078_IEO_FEA_MD.wav,1078,test,4,fearful,4,fearful,0.6589676737785339
/Users/prarthanapatel/Desktop/Himanshi/speech_emotion_detection-develop-v2/cremad_preprocessed/audio/1078_IEO_HAP_HI.wav,1078_IEO_HAP_HI.wav,1078,test,1,happy,4,fearful,0.8524994850158691
/Users/prarthanapatel/Desktop/Himanshi/speech_emotion_detection-develop-v2/cremad_preprocessed/audio/1078_IEO_HAP_LO.wav,1078_IEO_HAP_LO.wav,1078,test,1,happy,1,happy,0.5600761771202087
/Users/prarthanapatel/Desktop/Himanshi/speech_emotion_detection-develop-v2/cremad_preprocessed/audio/1078_IEO_HAP_MD.wav,1078_IEO_HAP_MD.wav,1078,test,1,happy,1,happy,0.9002235531806946
/Users/prarthanapatel/Desktop/Himanshi/speech_emotion_detection-develop-v2/cremad_preprocessed/audio/1078_IEO_NEU_XX.wav,1078_IEO_NEU_XX.wav,1078,test,0,neutral,0,neutral,0.5009782314300537
/Users/prarthanapatel/Desktop/Himanshi/speech_emotion_detection-develop-v2/cremad_preprocessed/audio/1078_IEO_SAD_HI.wav,1078_IEO_SAD_HI.wav,1078,test,2,sad,4,fearful,0.826571524143219
/Users/prarthanapatel/Desktop/Himanshi/speech_emotion_detection-develop-v2/cremad_preprocessed/audio/1078_IEO_SAD_LO.wav,1078_IEO_SAD_LO.wav,1078,test,2,sad,2,sad,0.8341678977012634
/Users/prarthanapatel/Desktop/Himanshi/speech_emotion_detection-develop-v2/cremad_preprocessed/audio/1078_IEO_SAD_MD.wav,1078_IEO_SAD_MD.wav,1078,test,2,sad,4,fearful,0.7076390385627747
/Users/prarthanapatel/Desktop/Himanshi/speech_emotion_detection-develop-v2/cremad_preprocessed/audio/1078_IOM_ANG_XX.wav,1078_IOM_ANG_XX.wav,1078,test,3,angry,3,angry,0.9831798672676086
/Users/prarthanapatel/Desktop/Himanshi/speech_emotion_detection-develop-v2/cremad_preprocessed/audio/1078_IOM_DIS_XX.wav,1078_IOM_DIS_XX.wav,1078,test,5,disgust,5,disgust,0.5864852666854858
/Users/prarthanapatel/Desktop/Himanshi/speech_emotion_detection-develop-v2/cremad_preprocessed/audio/1078_IOM_FEA_XX.wav,1078_IOM_FEA_XX.wav,1078,test,4,fearful,4,fearful,0.8945010900497437
/Users/prarthanapatel/Desktop/Himanshi/speech_emotion_detection-develop-v2/cremad_preprocessed/audio/1078_IOM_HAP_XX.wav,1078_IOM_HAP_XX.wav,1078,test,1,happy,1,happy,0.9559059143066406
/Users/prarthanapatel/Desktop/Himanshi/speech_emotion_detection-develop-v2/cremad_preprocessed/audio/1078_IOM_NEU_XX.wav,1078_IOM_NEU_XX.wav,1078,test,0,neutral,0,neutral,0.9157391786575317
/Users/prarthanapatel/Desktop/Himanshi/speech_emotion_detection-develop-v2/cremad_preprocessed/audio/1078_IOM_SAD_XX.wav,1078_IOM_SAD_XX.wav,1078,test,2,sad,2,sad,0.7789081335067749
/Users/prarthanapatel/Desktop/Himanshi/speech_emotion_detection-develop-v2/cremad_preprocessed/audio/1078_ITH_ANG_XX.wav,1078_ITH_ANG_XX.wav,1078,test,3,angry,3,angry,0.8846254944801331
/Users/prarthanapatel/Desktop/Himanshi/speech_emotion_detection-develop-v2/cremad_preprocessed/audio/1078_ITH_DIS_XX.wav,1078_ITH_DIS_XX.wav,1078,test,5,disgust,5,disgust,0.7897989749908447
/Users/prarthanapatel/Desktop/Himanshi/speech_emotion_detection-develop-v2/cremad_preprocessed/audio/1078_ITH_FEA_XX.wav,1078_ITH_FEA_XX.wav,1078,test,4,fearful,4,fearful,0.5819539427757263
/Users/prarthanapatel/Desktop/Himanshi/speech_emotion_detection-develop-v2/cremad_preprocessed/audio/1078_ITH_HAP_XX.wav,1078_ITH_HAP_XX.wav,1078,test,1,happy,1,happy,0.5250499248504639
/Users/prarthanapatel/Desktop/Himanshi/speech_emotion_detection-develop-v2/cremad_preprocessed/audio/1078_ITH_NEU_XX.wav,1078_ITH_NEU_XX.wav,1078,test,0,neutral,0,neutral,0.809848427772522
/Users/prarthanapatel/Desktop/Himanshi/speech_emotion_detection-develop-v2/cremad_preprocessed/audio/1078_ITH_SAD_XX.wav,1078_ITH_SAD_XX.wav,1078,test,2,sad,2,sad,0.7469434142112732
/Users/prarthanapatel/Desktop/Himanshi/speech_emotion_detection-develop-v2/cremad_preprocessed/audio/1078_ITS_ANG_XX.wav,1078_ITS_ANG_XX.wav,1078,test,3,angry,3,angry,0.9689929485321045
/Users/prarthanapatel/Desktop/Himanshi/speech_emotion_detection-develop-v2/cremad_preprocessed/audio/1078_ITS_DIS_XX.wav,1078_ITS_DIS_XX.wav,1078,test,5,disgust,5,disgust,0.9161747694015503
/Users/prarthanapatel/Desktop/Himanshi/speech_emotion_detection-develop-v2/cremad_preprocessed/audio/1078_ITS_FEA_XX.wav,1078_ITS_FEA_XX.wav,1078,test,4,fearful,4,fearful,0.8750728368759155
/Users/prarthanapatel/Desktop/Himanshi/speech_emotion_detection-develop-v2/cremad_preprocessed/audio/1078_ITS_HAP_XX.wav,1078_ITS_HAP_XX.wav,1078,test,1,happy,1,happy,0.9112572073936462
/Users/prarthanapatel/Desktop/Himanshi/speech_emotion_detection-develop-v2/cremad_preprocessed/audio/1078_ITS_NEU_XX.wav,1078_ITS_NEU_XX.wav,1078,test,0,neutral,0,neutral,0.5496277809143066
/Users/prarthanapatel/Desktop/Himanshi/speech_emotion_detection-develop-v2/cremad_preprocessed/audio/1078_ITS_SAD_XX.wav,1078_ITS_SAD_XX.wav,1078,test,2,sad,2,sad,0.5584633946418762
/Users/prarthanapatel/Desktop/Himanshi/speech_emotion_detection-develop-v2/cremad_preprocessed/audio/1078_IWL_ANG_XX.wav,1078_IWL_ANG_XX.wav,1078,test,3,angry,3,angry,0.9730694890022278
/Users/prarthanapatel/Desktop/Himanshi/speech_emotion_detection-develop-v2/cremad_preprocessed/audio/1078_IWL_DIS_XX.wav,1078_IWL_DIS_XX.wav,1078,test,5,disgust,4,fearful,0.3823505938053131
/Users/prarthanapatel/Desktop/Himanshi/speech_emotion_detection-develop-v2/cremad_preprocessed/audio/1078_IWL_FEA_XX.wav,1078_IWL_FEA_XX.wav,1078,test,4,fearful,4,fearful,0.9012854099273682
/Users/prarthanapatel/Desktop/Himanshi/speech_emotion_detection-develop-v2/cremad_preprocessed/audio/1078_IWL_HAP_XX.wav,1078_IWL_HAP_XX.wav,1078,test,1,happy,3,angry,0.32954010367393494
/Users/prarthanapatel/Desktop/Himanshi/speech_emotion_detection-develop-v2/cremad_preprocessed/audio/1078_IWL_NEU_XX.wav,1078_IWL_NEU_XX.wav,1078,test,0,neutral,0,neutral,0.9482340812683105
/Users/prarthanapatel/Desktop/Himanshi/speech_emotion_detection-develop-v2/cremad_preprocessed/audio/1078_IWL_SAD_XX.wav,1078_IWL_SAD_XX.wav,1078,test,2,sad,4,fearful,0.693920910358429
/Users/prarthanapatel/Desktop/Himanshi/speech_emotion_detection-develop-v2/cremad_preprocessed/audio/1078_IWW_ANG_XX.wav,1078_IWW_ANG_XX.wav,1078,test,3,angry,3,angry,0.9769388437271118
/Users/prarthanapatel/Desktop/Himanshi/speech_emotion_detection-develop-v2/cremad_preprocessed/audio/1078_IWW_DIS_XX.wav,1078_IWW_DIS_XX.wav,1078,test,5,disgust,5,disgust,0.9155662059783936
/Users/prarthanapatel/Desktop/Himanshi/speech_emotion_detection-develop-v2/cremad_preprocessed/audio/1078_IWW_FEA_XX.wav,1078_IWW_FEA_XX.wav,1078,test,4,fearful,4,fearful,0.4951583445072174
/Users/prarthanapatel/Desktop/Himanshi/speech_emotion_detection-develop-v2/cremad_preprocessed/audio/1078_IWW_HAP_XX.wav,1078_IWW_HAP_XX.wav,1078,test,1,happy,1,happy,0.6346395015716553
/Users/prarthanapatel/Desktop/Himanshi/speech_emotion_detection-develop-v2/cremad_preprocessed/audio/1078_IWW_NEU_XX.wav,1078_IWW_NEU_XX.wav,1078,test,0,neutral,0,neutral,0.97093665599823
/Users/prarthanapatel/Desktop/Himanshi/speech_emotion_detection-develop-v2/cremad_preprocessed/audio/1078_IWW_SAD_XX.wav,1078_IWW_SAD_XX.wav,1078,test,2,sad,2,sad,0.8129770159721375
/Users/prarthanapatel/Desktop/Himanshi/speech_emotion_detection-develop-v2/cremad_preprocessed/audio/1078_MTI_ANG_XX.wav,1078_MTI_ANG_XX.wav,1078,test,3,angry,3,angry,0.8964222073554993
/Users/prarthanapatel/Desktop/Himanshi/speech_emotion_detection-develop-v2/cremad_preprocessed/audio/1078_MTI_DIS_XX.wav,1078_MTI_DIS_XX.wav,1078,test,5,disgust,5,disgust,0.8742290139198303
/Users/prarthanapatel/Desktop/Himanshi/speech_emotion_detection-develop-v2/cremad_preprocessed/audio/1078_MTI_FEA_XX.wav,1078_MTI_FEA_XX.wav,1078,test,4,fearful,4,fearful,0.827972412109375
/Users/prarthanapatel/Desktop/Himanshi/speech_emotion_detection-develop-v2/cremad_preprocessed/audio/1078_MTI_HAP_XX.wav,1078_MTI_HAP_XX.wav,1078,test,1,happy,1,happy,0.7839925289154053
/Users/prarthanapatel/Desktop/Himanshi/speech_emotion_detection-develop-v2/cremad_preprocessed/audio/1078_MTI_NEU_XX.wav,1078_MTI_NEU_XX.wav,1078,test,0,neutral,0,neutral,0.5443868637084961
/Users/prarthanapatel/Desktop/Himanshi/speech_emotion_detection-develop-v2/cremad_preprocessed/audio/1078_MTI_SAD_XX.wav,1078_MTI_SAD_XX.wav,1078,test,2,sad,2,sad,0.5738564133644104
/Users/prarthanapatel/Desktop/Himanshi/speech_emotion_detection-develop-v2/cremad_preprocessed/audio/1078_TAI_ANG_XX.wav,1078_TAI_ANG_XX.wav,1078,test,3,angry,3,angry,0.6782757043838501
/Users/prarthanapatel/Desktop/Himanshi/speech_emotion_detection-develop-v2/cremad_preprocessed/audio/1078_TAI_DIS_XX.wav,1078_TAI_DIS_XX.wav,1078,test,5,disgust,5,disgust,0.9297069907188416
/Users/prarthanapatel/Desktop/Himanshi/speech_emotion_detection-develop-v2/cremad_preprocessed/audio/1078_TAI_FEA_XX.wav,1078_TAI_FEA_XX.wav,1078,test,4,fearful,4,fearful,0.8931191563606262
/Users/prarthanapatel/Desktop/Himanshi/speech_emotion_detection-develop-v2/cremad_preprocessed/audio/1078_TAI_HAP_XX.wav,1078_TAI_HAP_XX.wav,1078,test,1,happy,1,happy,0.864757776260376
/Users/prarthanapatel/Desktop/Himanshi/speech_emotion_detection-develop-v2/cremad_preprocessed/audio/1078_TAI_NEU_XX.wav,1078_TAI_NEU_XX.wav,1078,test,0,neutral,0,neutral,0.728410005569458
/Users/prarthanapatel/Desktop/Himanshi/speech_emotion_detection-develop-v2/cremad_preprocessed/audio/1078_TAI_SAD_XX.wav,1078_TAI_SAD_XX.wav,1078,test,2,sad,2,sad,0.6580073833465576
/Users/prarthanapatel/Desktop/Himanshi/speech_emotion_detection-develop-v2/cremad_preprocessed/audio/1078_TIE_ANG_XX.wav,1078_TIE_ANG_XX.wav,1078,test,3,angry,3,angry,0.975939154624939
/Users/prarthanapatel/Desktop/Himanshi/speech_emotion_detection-develop-v2/cremad_preprocessed/audio/1078_TIE_DIS_XX.wav,1078_TIE_DIS_XX.wav,1078,test,5,disgust,5,disgust,0.7293924689292908
/Users/prarthanapatel/Desktop/Himanshi/speech_emotion_detection-develop-v2/cremad_preprocessed/audio/1078_TIE_FEA_XX.wav,1078_TIE_FEA_XX.wav,1078,test,4,fearful,4,fearful,0.9271376729011536
/Users/prarthanapatel/Desktop/Himanshi/speech_emotion_detection-develop-v2/cremad_preprocessed/audio/1078_TIE_HAP_XX.wav,1078_TIE_HAP_XX.wav,1078,test,1,happy,1,happy,0.7367863655090332
/Users/prarthanapatel/Desktop/Himanshi/speech_emotion_detection-develop-v2/cremad_preprocessed/audio/1078_TIE_NEU_XX.wav,1078_TIE_NEU_XX.wav,1078,test,0,neutral,0,neutral,0.8260866403579712
/Users/prarthanapatel/Desktop/Himanshi/speech_emotion_detection-develop-v2/cremad_preprocessed/audio/1078_TIE_SAD_XX.wav,1078_TIE_SAD_XX.wav,1078,test,2,sad,2,sad,0.5778586864471436
/Users/prarthanapatel/Desktop/Himanshi/speech_emotion_detection-develop-v2/cremad_preprocessed/audio/1078_TSI_ANG_XX.wav,1078_TSI_ANG_XX.wav,1078,test,3,angry,3,angry,0.9265671968460083
/Users/prarthanapatel/Desktop/Himanshi/speech_emotion_detection-develop-v2/cremad_preprocessed/audio/1078_TSI_DIS_XX.wav,1078_TSI_DIS_XX.wav,1078,test,5,disgust,5,disgust,0.5828425288200378
/Users/prarthanapatel/Desktop/Himanshi/speech_emotion_detection-develop-v2/cremad_preprocessed/audio/1078_TSI_FEA_XX.wav,1078_TSI_FEA_XX.wav,1078,test,4,fearful,4,fearful,0.9088404178619385
/Users/prarthanapatel/Desktop/Himanshi/speech_emotion_detection-develop-v2/cremad_preprocessed/audio/1078_TSI_HAP_XX.wav,1078_TSI_HAP_XX.wav,1078,test,1,happy,1,happy,0.8994095325469971
/Users/prarthanapatel/Desktop/Himanshi/speech_emotion_detection-develop-v2/cremad_preprocessed/audio/1078_TSI_NEU_XX.wav,1078_TSI_NEU_XX.wav,1078,test,0,neutral,0,neutral,0.8855645656585693
/Users/prarthanapatel/Desktop/Himanshi/speech_emotion_detection-develop-v2/cremad_preprocessed/audio/1078_TSI_SAD_XX.wav,1078_TSI_SAD_XX.wav,1078,test,2,sad,2,sad,0.7165449261665344
/Users/prarthanapatel/Desktop/Himanshi/speech_emotion_detection-develop-v2/cremad_preprocessed/audio/1078_WSI_ANG_XX.wav,1078_WSI_ANG_XX.wav,1078,test,3,angry,3,angry,0.9391409754753113
/Users/prarthanapatel/Desktop/Himanshi/speech_emotion_detection-develop-v2/cremad_preprocessed/audio/1078_WSI_DIS_XX.wav,1078_WSI_DIS_XX.wav,1078,test,5,disgust,5,disgust,0.6771572232246399
/Users/prarthanapatel/Desktop/Himanshi/speech_emotion_detection-develop-v2/cremad_preprocessed/audio/1078_WSI_FEA_XX.wav,1078_WSI_FEA_XX.wav,1078,test,4,fearful,4,fearful,0.890380859375
/Users/prarthanapatel/Desktop/Himanshi/speech_emotion_detection-develop-v2/cremad_preprocessed/audio/1078_WSI_HAP_XX.wav,1078_WSI_HAP_XX.wav,1078,test,1,happy,1,happy,0.717011570930481
/Users/prarthanapatel/Desktop/Himanshi/speech_emotion_detection-develop-v2/cremad_preprocessed/audio/1078_WSI_NEU_XX.wav,1078_WSI_NEU_XX.wav,1078,test,0,neutral,0,neutral,0.8714284896850586
/Users/prarthanapatel/Desktop/Himanshi/speech_emotion_detection-develop-v2/cremad_preprocessed/audio/1078_WSI_SAD_XX.wav,1078_WSI_SAD_XX.wav,1078,test,2,sad,2,sad,0.7159026265144348
